,T,X,Y,Z
0,0.510375976562,1.29252004623,1.54402196407,0.536058545113
1,0.631436109543,0.274859189987,1.49245202541,0.542219996452
2,0.766910076141,1.20981812477,0.557599842548,0.532336235046
3,0.897192001343,0.286150366068,0.540476977825,0.538594603539
4,1.03210806847,1.34235942364,1.58050131798,0.522104918957
5,1.13141512871,0.318473994732,1.51175355911,0.531809389591
6,1.2188270092,1.23958814144,0.572883009911,0.53498595953
7,1.30141305923,0.317297667265,0.544307351112,0.533774495125
8,1.38268709183,1.50083827972,1.71199858189,0.493828624487
9,1.46628808975,0.394350558519,1.59794485569,0.523730754852
10,1.54866695404,1.30929398537,0.65415340662,0.513434886932
11,1.6443810463,0.402937203646,0.586677014828,0.519707858562
12,1.72930002213,1.63660311699,1.82227921486,0.475295543671
13,1.81175112724,0.485531747341,1.69532263279,0.511343181133
14,1.89566493034,1.39116048813,0.753504037857,0.49298620224
15,1.98013401031,0.498753845692,0.662600636482,0.510703086853
16,2.06346607208,1.73351860046,1.90781056881,0.457264512777
17,2.15003609657,0.571911096573,1.76596403122,0.505587756634
18,2.23619604111,1.48263418674,0.798855364323,0.497263371944
19,2.3181540966,0.570076286793,0.755942106247,0.503223598003
20,2.40294599533,1.81370997429,1.97720742226,0.45880150795
21,2.48642301559,0.645696222782,1.82593595982,0.492556869984
22,2.56984996796,1.56235313416,0.814810454845,0.497145980597
23,2.6533241272,0.623563468456,0.837771296501,0.493426710367
24,2.7363910675,1.89337456226,2.03894782066,0.466042101383
25,2.81953191757,0.70552957058,1.89235055447,0.488261550665
26,2.90277099609,1.61959946156,0.862331569195,0.483718961477
27,2.98583197594,0.671328365803,0.904369056225,0.48446393013
28,3.06987500191,1.95739841461,2.0916390419,0.442053407431
29,3.15404510498,0.75567817688,1.97895812988,0.480586230755
30,3.27601003647,1.6763279438,0.924674212933,0.469447493553
31,3.4008500576,0.709688007832,0.958911001682,0.480152308941
32,3.54329109192,2.02087521553,2.14409089088,0.429630666971
33,3.66750812531,0.823358178139,2.08428239822,0.479062497616
34,3.75788807869,1.7856682539,1.01431787014,0.462041348219
35,3.84250593185,0.78049737215,1.03386282921,0.475716590881
36,3.92516207695,2.08443927765,2.20228052139,0.439233720303
37,4.01164007187,0.875232636929,2.1395740509,0.479187130928
38,4.09656596184,1.86408615112,1.05578219891,0.459000855684
39,4.17980003357,0.842272460461,1.09096956253,0.485813111067
40,4.26317691803,2.12886834145,2.24395680428,0.437391549349
41,4.34819412231,0.915327906609,2.17708945274,0.478769928217
42,4.43210697174,1.93110334873,1.0708091259,0.455442816019
43,4.51729297638,0.863239169121,1.115198493,0.483665347099
44,4.60284900665,2.16795516014,2.28339934349,0.435256034136
45,4.68660092354,0.95228856802,2.21081137657,0.477353006601
46,4.77015900612,1.98415994644,1.07595050335,0.456093937159
47,4.85288596153,0.868451237679,1.11969184875,0.480718374252
48,4.93649291992,2.20113492012,2.32762074471,0.434135496616
49,5.02052593231,0.984143793583,2.25095057487,0.475510835648
50,5.10328197479,2.0291929245,1.08015596867,0.463953733444
51,5.18672800064,0.886193156242,1.11953854561,0.477001667023
52,5.27078700066,2.22657132149,2.36101818085,0.424575895071
53,5.35346603394,1.01657795906,2.29418849945,0.471132993698
54,5.4369571209,2.07518625259,1.08418285847,0.468094229698
55,5.52058005333,0.919023096561,1.13741314411,0.473481029272
56,5.60314106941,2.24944329262,2.38147258759,0.415358006954
57,5.68628811836,1.04721200466,2.34082055092,0.465834856033
58,5.76999902725,2.11139297485,1.10556185246,0.466366440058
59,5.85345292091,0.95137411356,1.1720405817,0.474024355412
60,5.93657612801,2.27445673943,2.39375567436,0.424886494875
61,6.01974105835,1.0748000145,2.38314843178,0.461196601391
62,6.10266208649,2.14205980301,1.13988864422,0.464252382517
63,6.18597698212,0.976128995419,1.20110845566,0.47733348608
64,6.26994109154,2.30132889748,2.40933942795,0.436034291983
65,6.35392808914,1.10366356373,2.42154788971,0.458927869797
66,6.4365940094,2.17461633682,1.17910170555,0.465860009193
67,6.52024912834,0.994150221348,1.2177785635,0.468980401754
68,6.60371613503,2.32349610329,2.42825102806,0.445589512587
69,6.68751692772,1.13147127628,2.4479227066,0.456706225872
70,6.77041602135,2.20770430565,1.21902918816,0.463082492352
71,6.85317492485,1.01287150383,1.2382389307,0.463509142399
72,6.96134996414,2.33783340454,2.44916677475,0.454609543085
73,7.09921097755,1.15159225464,2.44771623611,0.454007357359
74,7.23189401627,2.24001669884,1.26208233833,0.456366032362
75,7.36566114426,1.04649376869,1.25731837749,0.46145772934
76,7.49881601334,2.35716438293,2.47691869736,0.464542984962
77,7.64393997192,1.16010046005,2.44670414925,0.448789775372
78,7.76746296883,2.27745485306,1.29662322998,0.448870867491
79,7.89558410645,1.10156738758,1.2743293047,0.46301728487
80,8.02658009529,2.37020087242,2.50024676323,0.463784992695
81,8.16061592102,1.15928912163,2.47302889824,0.458009064198
82,8.29515314102,2.31230950356,1.29880809784,0.451778233051
83,8.44447398186,1.13927340508,1.28732979298,0.459043443203
84,8.56722903252,2.37325954437,2.53313732147,0.449810832739
85,8.69608807564,1.17424535751,2.50402903557,0.46114730835
86,8.83280491829,2.32542848587,1.32591557503,0.441455066204
87,9.01581406593,1.15131616592,1.30604398251,0.453857779503
88,9.15090799332,2.37204694748,2.54658031464,0.437290668488
89,9.28498911858,1.19220709801,2.53756117821,0.476311057806
90,9.41844105721,2.36260128021,1.34746432304,0.447069942951
91,9.55099010468,1.15251481533,1.33243584633,0.453288078308
92,9.6841840744,2.38221716881,2.54100465775,0.438192665577
93,9.81783914566,1.21448242664,2.52538824081,0.47444319725
94,9.95188498497,2.38376998901,1.35641050339,0.443248093128
95,10.0843441486,1.17391979694,1.35637068748,0.449524015188
96,10.2188749313,2.39133930206,2.5317325592,0.436891168356
97,10.3529090881,1.23599481583,2.51309728622,0.455662578344
98,10.4863491058,2.38047719002,1.3688287735,0.440061450005
99,10.6212029457,1.1904014349,1.37481749058,0.450024038553
100,10.7621030807,2.41743922234,2.55246520042,0.456975609064
101,10.8860061169,1.23974621296,2.53692698479,0.448363244534
102,11.0287511349,2.38208436966,1.37103486061,0.447248756886
103,11.162307024,1.19686424732,1.37474393845,0.451474219561
104,11.2989020348,2.43168234825,2.55860352516,0.475907146931
105,11.4342770576,1.23783385754,2.54361486435,0.45051124692
106,11.5861470699,2.39785885811,1.35441982746,0.43418687582
107,11.7181301117,1.18725800514,1.3799623251,0.447310239077
108,11.8512411118,2.42722821236,2.55671215057,0.478349655867
109,11.9834699631,1.23749315739,2.53890895844,0.461268097162
110,12.1175689697,2.40617203712,1.35760164261,0.423289805651
111,12.256262064,1.19146072865,1.38421344757,0.442843317986
112,12.3978381157,2.4353928566,2.57301068306,0.48226711154
113,12.5342681408,1.23606514931,2.53337621689,0.466061145067
114,12.6662340164,2.40653061867,1.38217794895,0.424134761095
115,12.7956531048,1.22436523438,1.39527416229,0.439949095249
116,12.9338171482,2.46200180054,2.61036109924,0.470109969378
117,13.0679659843,1.23783695698,2.55096173286,0.467480242252
118,13.2191491127,2.42308712006,1.3999209404,0.421315729618
119,13.3515639305,1.24196028709,1.3903298378,0.441635459661
120,13.4941949844,2.46750235558,2.67169904709,0.461306393147
121,13.6337361336,1.24748086929,2.58145642281,0.46936622262
122,13.7760620117,2.42822623253,1.39866399765,0.42637270689
123,13.9009799957,1.23278367519,1.35296773911,0.453568071127
124,14.0444741249,2.45920109749,2.65563082695,0.471367537975
125,14.1718001366,1.25755393505,2.61178064346,0.466301590204
126,14.3012189865,2.42806053162,1.3839443922,0.435056895018
127,14.4345149994,1.2290879488,1.34291625023,0.45988291502
128,14.5678830147,2.46148538589,2.5947022438,0.473293483257
129,14.7214341164,1.27549397945,2.60181713104,0.457393825054
130,14.8627200127,2.46391558647,1.38482570648,0.442414432764
131,14.9960389137,1.25137197971,1.34065341949,0.459371417761
132,15.134073019,2.45610332489,2.56973052025,0.483724832535
133,15.2681851387,1.24410796165,2.63292384148,0.435391336679
134,15.4013869762,2.48470211029,1.4224088192,0.440695345402
135,15.5529739857,1.24586057663,1.33846211433,0.45177012682
136,15.6895880699,2.4580578804,2.58459568024,0.469298422337
137,15.8283641338,1.24653434753,2.66881418228,0.433179914951
138,15.9616410732,2.45110797882,1.43567836285,0.443692177534
139,16.1007490158,1.25832343102,1.36356973648,0.453896433115
140,16.2332880497,2.46292710304,2.58596396446,0.449442237616
141,16.3786211014,1.27681422234,2.65873765945,0.45705267787
142,16.5176200867,2.42821907997,1.42542123795,0.444988578558
143,16.6507430077,1.26062071323,1.38932800293,0.443711817265
144,16.7721791267,2.45982980728,2.57167196274,0.432426810265
145,16.9113910198,1.28569686413,2.61743855476,0.471374332905
146,17.0437970161,2.42689013481,1.41320121288,0.436993062496
147,17.1847131252,1.24199473858,1.40358376503,0.444431722164
148,17.3183159828,2.44561481476,2.56995248795,0.4258005023
149,17.4521861076,1.29035925865,2.59209251404,0.475775718689
150,17.5854289532,2.42053413391,1.40356278419,0.43077263236
151,17.7188971043,1.23878502846,1.43015730381,0.446819722652
152,17.8532049656,2.44338274002,2.59590816498,0.416729986668
153,17.9951400757,1.29454421997,2.57809448242,0.476222664118
154,18.1203291416,2.42206406593,1.3817807436,0.428845345974
155,18.2584779263,1.25913381577,1.42747020721,0.444343447685
156,18.3966839314,2.45999884605,2.61084532738,0.403230249882
157,18.5234570503,1.29905426502,2.57705116272,0.478084623814
158,18.6615331173,2.44263386726,1.3758957386,0.424508541822
159,18.7956271172,1.28868567944,1.4021499157,0.437791645527
160,18.9583899975,2.46800518036,2.61213493347,0.397072613239
161,19.0938739777,1.28860318661,2.57670092583,0.478671938181
162,19.2344479561,2.47418212891,1.34832549095,0.416158765554
163,19.3669290543,1.29776954651,1.42325878143,0.424661934376
164,19.5117549896,2.45943331718,2.59572863579,0.375143498182
165,19.6535830498,1.26789975166,2.57883071899,0.471274882555
166,19.7944190502,2.477840662,1.35697877407,0.413439929485
167,19.9267590046,1.28514015675,1.42141115665,0.431778222322
168,20.0769851208,2.45745801926,2.61357069016,0.372263133526
169,20.2006590366,1.25883352757,2.57342648506,0.46617347002
170,20.3508470058,2.46903824806,1.36286103725,0.414958715439
171,20.4872579575,1.27466773987,1.39819574356,0.442701160908
172,20.6180341244,2.46066713333,2.6121108532,0.365216135979
173,20.7513680458,1.25460731983,2.58302569389,0.46895173192
174,20.8876709938,2.46714568138,1.35185003281,0.419932246208
175,21.0312740803,1.25984442234,1.40082752705,0.454302072525
176,21.1663861275,2.47351741791,2.61374402046,0.373813956976
177,21.300385952,1.24498689175,2.6125395298,0.474027127028
178,21.4235041142,2.47094082832,1.36422002316,0.431495070457
179,21.5637879372,1.25205767155,1.42087006569,0.46164932847
180,21.6999089718,2.47999167442,2.61511230469,0.378925949335
181,21.8430349827,1.25727367401,2.60499095917,0.475166469812
182,21.9773831367,2.47891020775,1.39760947227,0.429965645075
183,22.1024551392,1.25153434277,1.42595028877,0.457070410252
184,22.2283780575,2.46411418915,2.59597277641,0.399937659502
185,22.359662056,1.26628291607,2.58337521553,0.478990256786
186,22.4959430695,2.4791560173,1.44067585468,0.439838171005
187,22.631526947,1.23720598221,1.41836297512,0.458193659782
188,22.7675490379,2.45262813568,2.57877135277,0.404380530119
189,22.9178259373,1.2622641325,2.58673095703,0.481540352106
190,23.0513529778,2.48621106148,1.4590446949,0.450131595135
191,23.1838049889,1.22834217548,1.4124174118,0.45895665884
192,23.3186750412,2.45328688622,2.57818698883,0.403915286064
193,23.4522190094,1.26053392887,2.59294867516,0.481437534094
194,23.5763199329,2.48996019363,1.45118761063,0.447248250246
195,23.7005901337,1.24354600906,1.42398071289,0.448627769947
196,23.8275520802,2.45664930344,2.59743094444,0.405292481184
197,23.9640009403,1.2586261034,2.59655046463,0.4742590487
198,24.0987520218,2.46857047081,1.43348813057,0.444806188345
199,24.2328579426,1.23932290077,1.41365158558,0.446184188128
200,24.3644211292,2.46036601067,2.60468125343,0.405155241489
201,24.4947879314,1.25712358952,2.61286139488,0.476509779692
202,24.6268489361,2.44229125977,1.4273250103,0.449800997972
203,24.763561964,1.23552012444,1.4046074152,0.459111392498
204,24.8983590603,2.4567284584,2.5880112648,0.394318372011
205,25.0325729847,1.26247513294,2.6329870224,0.471108466387
206,25.1858041286,2.43918657303,1.43297243118,0.44914162159
207,25.3178720474,1.24677014351,1.39914250374,0.451581090689
208,25.4520261288,2.44851016998,2.59669542313,0.407129377127
209,25.5776860714,1.27832686901,2.63225698471,0.466134369373
210,25.70977211,2.44186830521,1.44886219501,0.441844850779
211,25.8433730602,1.26049423218,1.41777849197,0.448982656002
212,25.987580061,2.44299721718,2.58823823929,0.422645717859
213,26.0951371193,1.27847123146,2.61795449257,0.469047516584
214,26.2284071445,2.4365363121,1.44585752487,0.443356484175
215,26.3621630669,1.25892293453,1.40401208401,0.459821909666
216,26.5191390514,2.45122241974,2.62362527847,0.438166350126
217,26.6563510895,1.26536369324,2.60754203796,0.471223413944
218,26.7956259251,2.43907427788,1.42876005173,0.439445436001
219,26.9441320896,1.26147866249,1.3845025301,0.459807783365
220,27.0765020847,2.4763739109,2.66718411446,0.422123610973
221,27.2013580799,1.26027047634,2.60421299934,0.465595394373
222,27.343971014,2.44065523148,1.41402339935,0.441677242517
223,27.4770069122,1.26772296429,1.40604305267,0.45089957118
224,27.6197099686,2.49215316772,2.6656703949,0.395826816559
225,27.7530391216,1.25653529167,2.5914952755,0.461410015821
226,27.8852870464,2.44207978249,1.39231908321,0.4422313869
227,27.9980549812,1.25986862183,1.39520871639,0.448728352785
228,28.1334550381,2.49723267555,2.66188836098,0.387198984623
229,28.2663669586,1.25264334679,2.58808684349,0.460816919804
230,28.4117541313,2.44467782974,1.37861073017,0.447511196136
231,28.5346269608,1.26776969433,1.37418091297,0.452279478312
232,28.660859108,2.49809598923,2.61228370667,0.412376254797
233,28.7942681313,1.2551484108,2.60046839714,0.461146473885
234,28.930918932,2.44702315331,1.38274335861,0.449824541807
235,29.0648190975,1.28223133087,1.3852353096,0.44976875186
236,29.1582379341,2.49389433861,2.57677388191,0.426028251648
237,29.2457139492,1.2646446228,2.61018657684,0.462305814028
238,29.330477953,2.45523381233,1.3974095583,0.456050753593
239,29.4133579731,1.2835919857,1.42474591732,0.445701807737
240,29.4972059727,2.48454475403,2.59737825394,0.411995172501
241,29.5879809856,1.26950323582,2.60691356659,0.460770577192
242,29.6720969677,2.46400213242,1.4110738039,0.45207375288
243,29.7553219795,1.28972196579,1.4479393959,0.445490896702
244,29.8399441242,2.47929930687,2.61496400833,0.40194183588
245,29.930357933,1.2759758234,2.60066771507,0.462906420231
246,30.0218770504,2.4727742672,1.42634260654,0.442869573832
247,30.1094329357,1.28238296509,1.44805419445,0.438134491444
248,30.1948590279,2.46035432816,2.6009209156,0.401565939188
249,30.2789800167,1.27520787716,2.60519981384,0.463278740644
250,30.3702011108,2.47809386253,1.42042565346,0.438488453627
251,30.4549520016,1.27609443665,1.43007194996,0.431626111269
252,30.5390710831,2.4488928318,2.58961772919,0.394743949175
253,30.6255531311,1.27054727077,2.62169575691,0.460333049297
254,30.7124109268,2.48075461388,1.39866948128,0.431639015675
255,30.7975020409,1.27007079124,1.41008162498,0.427794873714
256,30.9148731232,2.45656180382,2.57959461212,0.389297872782
257,30.9992980957,1.27297091484,2.64400863647,0.457307398319
258,31.087127924,2.48260712624,1.37486863136,0.43335095048
259,31.1730771065,1.26764762402,1.39315962791,0.426872223616
260,31.2636160851,2.46295046806,2.58533930779,0.407142698765
261,31.3486459255,1.27512121201,2.66318154335,0.448606938124
262,31.4374620914,2.48351311684,1.3623445034,0.432599395514
263,31.5225391388,1.27240967751,1.38266766071,0.429422467947
264,31.6067891121,2.47305846214,2.60105109215,0.420261770487
265,31.6954290867,1.27921521664,2.67276000977,0.441325366497
266,31.7807760239,2.48317360878,1.36734807491,0.431374251842
267,31.868719101,1.27285480499,1.38833582401,0.431438058615
268,31.9572319984,2.47683119774,2.6053006649,0.429796516895
269,32.047203064,1.27154350281,2.67701387405,0.424634277821
270,32.1375501156,2.487180233,1.38987112045,0.430065691471
271,32.2232050896,1.28084421158,1.4155138731,0.450959056616
272,32.3142580986,2.46881270409,2.59281539917,0.438972204924
273,32.4013059139,1.26178693771,2.67354130745,0.412573248148
274,32.5293381214,2.49033284187,1.41658389568,0.430926173925
275,32.6614730358,1.27222061157,1.43050909042,0.453766912222
276,32.7875001431,2.44859433174,2.59837961197,0.450349897146
277,32.9006829262,1.29013967514,2.64285516739,0.410485804081
278,33.0338730812,2.48795390129,1.43153178692,0.421582192183
279,33.1846280098,1.26202332973,1.44521141052,0.46199297905
280,33.309016943,2.45125436783,2.61302375793,0.472392946482
281,33.4078509808,1.31836938858,2.59580826759,0.428965210915
282,33.4948959351,2.48341083527,1.42327570915,0.426651149988
283,33.5805709362,1.25915920734,1.46464121342,0.454404741526
284,33.6651909351,2.45459961891,2.61638689041,0.477776825428
285,33.7525420189,1.30881774426,2.57769680023,0.443605959415
286,33.8421571255,2.47387552261,1.41873919964,0.432480037212
287,33.9410300255,1.25155258179,1.46726715565,0.450899481773
288,34.0273151398,2.45115232468,2.61364364624,0.473047882318
289,34.1131811142,1.28886044025,2.56247186661,0.444869965315
290,34.1974289417,2.4618473053,1.41878986359,0.438469529152
291,34.2843999863,1.24871242046,1.45616781712,0.445148766041
292,34.3706510067,2.44990491867,2.61470961571,0.472579449415
293,34.4535589218,1.27225208282,2.56600141525,0.452972501516
294,34.5390119553,2.45428061485,1.41912746429,0.44226026535
295,34.6290290356,1.24825799465,1.4324015379,0.446811497211
296,34.7136161327,2.4515440464,2.6166203022,0.4572057724
297,34.7975230217,1.26505887508,2.58054828644,0.460408568382
298,34.8864021301,2.45093894005,1.4216234684,0.441094338894
299,34.9708340168,1.24169838428,1.40760791302,0.454384684563
300,35.0543649197,2.45750069618,2.60944414139,0.441799134016
301,35.1386229992,1.26492214203,2.59155964851,0.465318709612
302,35.2219541073,2.44995927811,1.42383480072,0.439973771572
303,35.3066420555,1.24151325226,1.39687395096,0.456634014845
304,35.3942580223,2.46292233467,2.60410785675,0.439945429564
305,35.47965312,1.26803135872,2.59907364845,0.468981415033
306,35.5633900166,2.45368075371,1.4190018177,0.447924256325
307,35.649326086,1.24700987339,1.39117264748,0.465529292822
308,35.7375080585,2.46139335632,2.60195016861,0.428748577833
309,35.8221750259,1.27238607407,2.60280823708,0.468106925488
310,35.9124851227,2.45888614655,1.40713989735,0.454524308443
311,35.9979670048,1.25738525391,1.39425766468,0.47519993782
312,36.0871450901,2.45645475388,2.59745407104,0.423861771822
313,36.1724600792,1.27601122856,2.60305762291,0.469117790461
314,36.259321928,2.45874428749,1.39329648018,0.463045328856
315,36.3466291428,1.25951743126,1.40779268742,0.470136255026
316,36.4339871407,2.45484900475,2.60292124748,0.419674217701
317,36.520704031,1.27594137192,2.60162425041,0.464299231768
318,36.6062159538,2.45499682426,1.3873167038,0.464002549648
319,36.6951959133,1.24531447887,1.44119775295,0.456060618162
320,36.7819881439,2.46169114113,2.61112761497,0.409409940243
321,36.8666219711,1.27377927303,2.59858489037,0.458421677351
322,36.956414938,2.45332503319,1.39023637772,0.460275709629
323,37.0474250317,1.23882496357,1.45790302753,0.452493041754
324,37.1408560276,2.47195148468,2.60903334618,0.394763767719
325,37.2270829678,1.27092325687,2.60541582108,0.455584257841
326,37.3145699501,2.45401358604,1.39176750183,0.454283118248
327,37.404859066,1.24297642708,1.44383203983,0.458950787783
328,37.4908089638,2.47886872292,2.60025453568,0.381496399641
329,37.5815730095,1.26445031166,2.62904167175,0.450048446655
330,37.6713380814,2.45698475838,1.38911795616,0.451982140541
331,37.7778360844,1.24927389622,1.40850508213,0.460338175297
332,37.8755030632,2.4816160202,2.59745621681,0.376452952623
333,37.9649050236,1.26159214973,2.65038228035,0.447502970695
334,38.0550630093,2.4618704319,1.3878762722,0.454005122185
335,38.1715891361,1.26115858555,1.38282358646,0.455415815115
336,38.2759151459,2.47040462494,2.58344960213,0.368696540594
337,38.3682019711,1.26685798168,2.6509308815,0.443742215633
338,38.4559030533,2.46129250526,1.38487744331,0.447589874268
339,38.5396790504,1.27377784252,1.36901533604,0.45912951231
340,38.6313509941,2.46491622925,2.58990883827,0.377357184887
341,38.7547299862,1.26877081394,2.63864278793,0.439412713051
342,38.8558621407,2.45153236389,1.38511908054,0.448762744665
343,38.9482159615,1.27931845188,1.38322579861,0.458081424236
344,39.0484549999,2.49229454994,2.62531995773,0.388481169939
345,39.1548290253,1.28025531769,2.61498022079,0.44256156683
346,39.2467050552,2.44966244698,1.39745044708,0.451946258545
347,39.3331069946,1.28409314156,1.41388261318,0.451062262058
348,39.4212989807,2.4943819046,2.63269138336,0.40334135294
349,39.5065560341,1.28825998306,2.60236024857,0.444896250963
350,39.5962719917,2.45420074463,1.40357494354,0.450271546841
351,39.6899211407,1.27712464333,1.43722093105,0.459313422441
352,39.7834300995,2.4832367897,2.61074233055,0.410299241543
353,39.8753521442,1.28906488419,2.59368300438,0.450088262558
354,39.9633569717,2.4566423893,1.41347658634,0.446205884218
355,40.0532410145,1.2622718811,1.45778620243,0.458885997534
