,T,X,Y,Z
0,0.363742828369,1.40320897102,1.50499808788,0.545959591866
1,0.445438861847,0.223368510604,1.49371695518,0.54586315155
2,0.526596784592,1.36393606663,0.664284706116,0.545692563057
3,0.608079910278,0.237808212638,0.638879418373,0.548349916935
4,0.690014839172,1.42235541344,1.52462780476,0.536591529846
5,0.774417877197,0.233178928494,1.51586425304,0.539020419121
6,0.86119890213,1.37866330147,0.666974306107,0.542130887508
7,0.948737859726,0.256508260965,0.64713203907,0.543041527271
8,1.0341129303,1.5094615221,1.61919307709,0.511323153973
9,1.11390089989,0.32289648056,1.59415566921,0.520327985287
10,1.19603300095,1.46234762669,0.687374055386,0.519747316837
11,1.2752559185,0.348510742188,0.643753230572,0.521500647068
12,1.35641384125,1.62982690334,1.73685586452,0.495383024216
13,1.43647289276,0.453231960535,1.65640747547,0.505693435669
14,1.52057600021,1.58557748795,0.706801176071,0.503172338009
15,1.60239100456,0.470202386379,0.64339619875,0.508732438087
16,1.68311882019,1.75096261501,1.82208073139,0.481189280748
17,1.7633998394,0.558653414249,1.70177543163,0.491224646568
18,1.84483385086,1.69824779034,0.728101968765,0.492285221815
19,1.92484998703,0.562944591045,0.654422879219,0.494588375092
20,2.00683784485,1.85137379169,1.86519908905,0.469904094934
21,2.08682990074,0.631475031376,1.75891041756,0.479005157948
22,2.16835284233,1.78502571583,0.752498567104,0.489651918411
23,2.24928498268,0.630869567394,0.673306047916,0.482986688614
24,2.32928180695,1.93492841721,1.88887310028,0.459989339113
25,2.40897488594,0.698231220245,1.81189882755,0.471371561289
26,2.48923683167,1.85814571381,0.770795285702,0.48634314537
27,2.57078790665,0.694824934006,0.687601745129,0.470306903124
28,2.65033078194,2.00117278099,1.90542924404,0.454467177391
29,2.73110294342,0.766580164433,1.84990143776,0.466351091862
30,2.81110882759,1.92907869816,0.788906693459,0.481036812067
31,2.89177298546,0.755090892315,0.692379832268,0.469987332821
32,2.97206187248,2.05210781097,1.92584717274,0.450376391411
33,3.05867481232,0.830632209778,1.88337349892,0.466417700052
34,3.14564990997,1.99363660812,0.808359742165,0.479277610779
35,3.23034596443,0.804139733315,0.702061116695,0.464206427336
36,3.31051492691,2.09726905823,1.96044516563,0.447263389826
37,3.39189887047,0.891788184643,1.91341614723,0.468037694693
38,3.47231483459,2.05108094215,0.83330476284,0.477735936642
39,3.55363178253,0.859152972698,0.7110273242,0.462523490191
40,3.63423895836,2.13968420029,2.0041949749,0.446740418673
41,3.71456098557,0.939248740673,1.94151103497,0.467380642891
42,3.79630184174,2.10066962242,0.858244001865,0.472076922655
43,3.8776409626,0.922700762749,0.724336206913,0.462712705135
44,3.96064996719,2.18441438675,2.0433754921,0.448173522949
45,4.0497508049,0.981621265411,1.97188925743,0.466768711805
46,4.13843393326,2.14729976654,0.873310744762,0.467099457979
47,4.22826290131,0.987932324409,0.761063933372,0.456387162209
48,4.31568479538,2.23542618752,2.07084822655,0.445820838213
49,4.40384984016,1.02462530136,1.99979841709,0.465050637722
50,4.4903857708,2.19394111633,0.886684596539,0.460746794939
51,4.57003593445,1.04076755047,0.808060765266,0.447836101055
52,4.65256690979,2.28392386436,2.08376312256,0.441236793995
53,4.73362183571,1.0591635704,2.02435135841,0.465968340635
54,4.8162009716,2.23259043694,0.899716615677,0.458065062761
55,4.90314984322,1.07076776028,0.832191169262,0.435883253813
56,4.99142980576,2.3182952404,2.08993124962,0.436241745949
57,5.07875394821,1.08717834949,2.045992136,0.467481255531
58,5.16000699997,2.26960206032,0.909924864769,0.455332010984
59,5.24398994446,1.10609531403,0.858997702599,0.428656667471
60,5.32534694672,2.34236001968,2.10200643539,0.42921090126
61,5.40630292892,1.1134531498,2.06422615051,0.464233368635
62,5.48732686043,2.3028986454,0.91634118557,0.453509241343
63,5.57024979591,1.14189279079,0.893217384815,0.426595985889
64,5.65116691589,2.36461782455,2.11460018158,0.428373038769
65,5.73089194298,1.13946938515,2.08007597923,0.458893299103
66,5.81139588356,2.33401894569,0.921314775944,0.448998510838
67,5.89214897156,1.16259491444,0.925460100174,0.430123746395
68,5.97417783737,2.38356852531,2.12799549103,0.427397876978
69,6.05680179596,1.16016232967,2.09626483917,0.457297325134
70,6.13912796974,2.3618478775,0.924633204937,0.448853641748
71,6.22058677673,1.17559909821,0.926162004471,0.439761519432
72,6.30180382729,2.39711022377,2.14420390129,0.427083104849
73,6.38326096535,1.17997789383,2.11673259735,0.459565520287
74,6.46572494507,2.38364887238,0.923678874969,0.452780544758
75,6.54929995537,1.20147061348,0.915969610214,0.45740544796
76,6.63094186783,2.40391135216,2.15895247459,0.426799118519
77,6.71351194382,1.20338332653,2.13137793541,0.459922134876
78,6.80168390274,2.39876699448,0.924920380116,0.456832379103
79,6.88794183731,1.23072338104,0.920293807983,0.462264120579
80,6.97119188309,2.41346812248,2.18367648125,0.422937095165
81,7.05345678329,1.22957777977,2.13562917709,0.466512292624
82,7.13503885269,2.41628956795,0.935013473034,0.455964505672
83,7.21739387512,1.2564239502,0.93710321188,0.469722926617
84,7.29990887642,2.42421388626,2.20702314377,0.417854070663
85,7.3874437809,1.24611771107,2.13392806053,0.462607622147
86,7.46884298325,2.44033122063,0.94710123539,0.450907945633
87,7.57830095291,1.27691686153,0.956414461136,0.47316852212
88,7.66019582748,2.44000768661,2.22264289856,0.419069349766
89,7.74194979668,1.25634717941,2.13056731224,0.463863939047
90,7.82317399979,2.46501207352,0.951167285442,0.447298496962
91,7.90635085106,1.27985668182,0.976024448872,0.475323319435
92,7.98758077621,2.45880532265,2.22564768791,0.415286391973
93,8.06997299194,1.2631739378,2.12914514542,0.463258653879
94,8.15401387215,2.48480606079,0.947749316692,0.442918479443
95,8.23665094376,1.26232373714,0.970815062523,0.476416558027
96,8.31934285164,2.48618888855,2.21845316887,0.410816073418
97,8.40307998657,1.2705411911,2.12988877296,0.462728828192
98,8.48736000061,2.50568056107,0.954443573952,0.432594537735
99,8.57691597939,1.2500333786,0.955387711525,0.475051999092
100,8.6637468338,2.50139975548,2.20620083809,0.406782358885
101,8.75294995308,1.27714204788,2.13313555717,0.472497135401
102,8.84017300606,2.52850413322,0.973661541939,0.427066504955
103,8.92933678627,1.25445663929,0.947075068951,0.472863048315
104,9.01281881332,2.50417470932,2.19032454491,0.402083337307
105,9.10262489319,1.28704619408,2.14289712906,0.463709145784
106,9.1913459301,2.53884267807,0.996016442776,0.423669397831
107,9.28046488762,1.26835668087,0.951776206493,0.470205783844
108,9.36242294312,2.50203514099,2.18486475945,0.402228534222
109,9.44443488121,1.30445611477,2.15262031555,0.462632387877
110,9.53370881081,2.531873703,1.00858819485,0.427038371563
111,9.61963486671,1.28198969364,0.965642929077,0.468788415194
112,9.704859972,2.49968218803,2.18601584435,0.403296917677
113,9.78642678261,1.3165217638,2.16189980507,0.464154601097
114,9.86874985695,2.51732516289,1.0102840662,0.431018531322
115,9.95268797874,1.29537391663,0.978671967983,0.469965487719
116,10.0402009487,2.49966621399,2.18754601479,0.40608766675
117,10.1308097839,1.32278895378,2.17334079742,0.468641400337
118,10.2127668858,2.50592160225,1.00715279579,0.437498420477
119,10.294137001,1.30132830143,0.993750989437,0.473638057709
120,10.3792629242,2.50457978249,2.18571043015,0.409528255463
121,10.4622409344,1.33515119553,2.18731307983,0.466936349869
122,10.5456728935,2.50084447861,1.00499343872,0.4416025877
123,10.6277339458,1.30209052563,1.00612366199,0.472662478685
124,10.7106769085,2.50745558739,2.18121290207,0.410290420055
125,10.7932188511,1.34852552414,2.19360280037,0.469727039337
126,10.8756928444,2.50222659111,1.00466561317,0.441077739
127,10.9591119289,1.30139648914,1.01209354401,0.46620079875
128,11.0431129932,2.51953721046,2.19139814377,0.426626771688
129,11.1269798279,1.3565530777,2.19347000122,0.469735205173
130,11.2086467743,2.50845599174,1.00437366962,0.444158434868
131,11.2905809879,1.3018797636,1.01487720013,0.462034791708
132,11.372699976,2.53289341927,2.19814062119,0.433434814215
133,11.4554519653,1.35976600647,2.19593214989,0.468253016472
134,11.5418028831,2.51760172844,1.00342011452,0.447350859642
135,11.6296219826,1.30254685879,1.01013410091,0.465199410915
136,11.720102787,2.5407345295,2.20163369179,0.431877225637
137,11.8065779209,1.35982143879,2.20424127579,0.465449482203
138,11.8959078789,2.52828836441,1.00005960464,0.448047310114
139,11.981304884,1.30238735676,0.997826695442,0.465348005295
140,12.0635957718,2.54906392097,2.20158863068,0.433517694473
141,12.1457169056,1.35855138302,2.21067214012,0.466633141041
142,12.2279229164,2.54021644592,0.998766720295,0.450795471668
143,12.3134868145,1.30488467216,0.988278031349,0.46242043376
144,12.4143428802,2.5503923893,2.19872522354,0.429146558046
145,12.5223629475,1.35540807247,2.21404504776,0.467053472996
146,12.6302919388,2.55206727982,0.99987411499,0.45051702857
147,12.7471718788,1.31880378723,0.994474649429,0.45483443141
148,12.8541998863,2.54932188988,2.19290184975,0.425674945116
149,12.977383852,1.35363602638,2.212018013,0.461334258318
150,13.0877108574,2.56318831444,1.00568699837,0.445949435234
151,13.2105698586,1.34021139145,1.00483334064,0.444866985083
152,13.3213498592,2.55294322968,2.19295358658,0.422776967287
153,13.426142931,1.35404241085,2.20448660851,0.465507537127
154,13.545637846,2.56711649895,1.01053416729,0.447143256664
155,13.6450297832,1.34351158142,0.991248905659,0.444513857365
156,13.7450139523,2.55576348305,2.19016623497,0.421033889055
157,13.8564379215,1.3591439724,2.20369076729,0.462505251169
158,13.9618499279,2.57002305984,1.01301038265,0.446356743574
159,14.0537998676,1.35889363289,0.985620260239,0.448926210403
160,14.1675457954,2.55413866043,2.19207286835,0.420733124018
161,14.2536408901,1.3609521389,2.20955371857,0.459217637777
162,14.3393568993,2.57569360733,1.01533639431,0.444968760014
163,14.4484968185,1.37108659744,0.988919615746,0.450793206692
164,14.5716629028,2.53651404381,2.21932244301,0.438162893057
165,14.6840620041,1.3602809906,2.20504665375,0.45751157403
166,14.793353796,2.57903981209,1.01063430309,0.448485434055
167,14.899864912,1.3829511404,0.988134860992,0.448103070259
168,15.0128657818,2.52674722672,2.25030875206,0.444759130478
169,15.124917984,1.36108076572,2.19859743118,0.460037857294
170,15.2327609062,2.57985520363,1.00354301929,0.45016002655
171,15.3199470043,1.38559734821,0.995838105679,0.453068733215
172,15.405272007,2.53010487556,2.24563074112,0.438683658838
173,15.4917519093,1.35912823677,2.19627475739,0.470572292805
174,15.578815937,2.5804681778,0.999185562134,0.45334982872
175,15.6623718739,1.38178896904,1.00794064999,0.452465772629
176,15.7475810051,2.53231787682,2.24627184868,0.426992982626
177,15.8326408863,1.35932826996,2.19499230385,0.464615255594
178,15.9189279079,2.57854557037,0.997896373272,0.458899021149
179,16.0037508011,1.37554442883,1.01093447208,0.452882796526
180,16.0924429893,2.54863810539,2.2505569458,0.426679044962
181,16.1774837971,1.36073791981,2.19711923599,0.466118782759
182,16.2609608173,2.57748031616,1.00319540501,0.462588489056
183,16.3466668129,1.3693703413,1.01227045059,0.455037325621
184,16.4299459457,2.56917500496,2.24775218964,0.424508184195
185,16.5165529251,1.36568105221,2.19409799576,0.456227391958
186,16.6047959328,2.57968258858,1.01125061512,0.462759971619
187,16.6886568069,1.36870110035,1.01375699043,0.454628407955
188,16.7726349831,2.58556485176,2.22449302673,0.419137388468
189,16.8590259552,1.37102019787,2.18706607819,0.461131542921
190,16.9441459179,2.58703660965,1.01914560795,0.460618257523
191,17.0279388428,1.36902165413,1.01346361637,0.454608500004
192,17.1130738258,2.58583426476,2.19128036499,0.419353783131
193,17.1964337826,1.37487661839,2.18686366081,0.458753138781
194,17.2794117928,2.59212040901,1.02427816391,0.456551164389
195,17.36281991,1.36751687527,1.01196670532,0.452997714281
196,17.4475557804,2.57506132126,2.18039512634,0.415893644094
197,17.536429882,1.37727856636,2.19289541245,0.470207691193
198,17.6217188835,2.59510707855,1.02759766579,0.449943631887
199,17.7083377838,1.37035799026,1.00574815273,0.458451747894
200,17.79555583,2.56401467323,2.19944381714,0.415437191725
201,17.8802127838,1.38220155239,2.19313335419,0.462410479784
202,17.967209816,2.59176111221,1.02651333809,0.453045159578
203,18.055300951,1.37353205681,1.00446784496,0.467694789171
204,18.1425178051,2.56045413017,2.22297692299,0.407902151346
205,18.2285368443,1.37900292873,2.20315313339,0.452642858028
206,18.313177824,2.58207893372,1.01991415024,0.459509760141
207,18.3981678486,1.38263106346,1.00736761093,0.464812874794
208,18.4865078926,2.56897258759,2.25078105927,0.410534858704
209,18.5719850063,1.37171256542,2.21785211563,0.450860857964
210,18.6602809429,2.57382488251,1.01175665855,0.463698863983
211,18.7469849586,1.39368724823,1.01232612133,0.457539916039
212,18.831512928,2.57291197777,2.27186346054,0.408023029566
213,18.9172739983,1.37331223488,2.22231698036,0.449705243111
214,19.0059878826,2.56947374344,1.00298881531,0.46340072155
215,19.0931818485,1.39054071903,1.01881885529,0.452824652195
216,19.1771848202,2.57982635498,2.28228378296,0.4129114151
217,19.261305809,1.38099193573,2.21816134453,0.453107565641
218,19.3451228142,2.56745100021,0.985674738884,0.469254970551
219,19.4285018444,1.38155937195,1.02291095257,0.4515863657
220,19.5137357712,2.59445786476,2.28718805313,0.415632009506
221,19.661839962,1.38161838055,2.20852398872,0.449351191521
222,19.8141047955,2.56725502014,0.966407835484,0.470329523087
223,19.9695258141,1.37219023705,1.02982676029,0.449988752604
224,20.1247777939,2.60638093948,2.27517294884,0.395372599363
225,20.2778418064,1.34578835964,2.20934104919,0.461541235447
226,20.4271299839,2.58240318298,0.981228947639,0.459562599659
227,20.5548818111,1.37795817852,1.02816295624,0.445160746574
228,20.6420078278,2.61860346794,2.22582864761,0.386245459318
229,20.7263989449,1.35155212879,2.21988677979,0.46435302496
230,20.8117439747,2.59455513954,0.986681163311,0.452695399523
231,20.8974328041,1.38135743141,1.0284358263,0.443961501122
232,20.9896128178,2.62032294273,2.20143246651,0.392964035273
233,21.0813238621,1.35997450352,2.22592353821,0.467445105314
234,21.1669538021,2.58951425552,0.99356251955,0.451427429914
235,21.2522318363,1.37983107567,1.03358519077,0.440108031034
236,21.3375599384,2.62202334404,2.18063044548,0.406811147928
237,21.4221339226,1.36053740978,2.23622727394,0.464024931192
238,21.5107297897,2.5857000351,1.00010800362,0.448995321989
239,21.5970389843,1.3748306036,1.02797186375,0.434572249651
240,21.726364851,2.62179803848,2.16761112213,0.419831007719
241,21.8126759529,1.36143267155,2.24398612976,0.460332602262
242,21.898034811,2.59033632278,1.00386583805,0.452802985907
243,21.9864659309,1.37406313419,1.01253378391,0.437043100595
244,22.0964977741,2.61280465126,2.16194677353,0.423407554626
245,22.1802737713,1.36805927753,2.23912477493,0.470148861408
246,22.2982897758,2.58375620842,1.01896190643,0.457365870476
247,22.3984019756,1.37627351284,1.0117828846,0.443215072155
248,22.4863488674,2.58121824265,2.16718435287,0.425040662289
249,22.5718958378,1.37979948521,2.22476148605,0.469091653824
250,22.6609168053,2.56616616249,1.0343670845,0.459025412798
251,22.746106863,1.37721717358,1.02740478516,0.44559726119
252,22.8617918491,2.56333255768,2.17570996284,0.44028365612
253,23.0127258301,1.38228702545,2.21434664726,0.465470969677
254,23.1673219204,2.55333828926,1.02248036861,0.464118421078
255,23.3253798485,1.3680151701,1.02792441845,0.453542679548
256,23.4800729752,2.54417705536,2.19876122475,0.445534586906
257,23.630756855,1.38206005096,2.2227101326,0.475457400084
258,23.7771279812,2.55928254128,1.01167738438,0.470427542925
259,23.8750607967,1.36382961273,1.01106238365,0.447927504778
260,23.961812973,2.5457046032,2.20002579689,0.440874069929
261,24.0459928513,1.38419628143,2.23318076134,0.480199933052
262,24.1308169365,2.55998849869,1.01370096207,0.472838401794
263,24.220074892,1.36425805092,0.997525930405,0.447624146938
264,24.3052418232,2.5566444397,2.1894557476,0.438587099314
265,24.3920409679,1.38375270367,2.23193407059,0.481180042028
266,24.4781928062,2.56116318703,1.01600456238,0.473155707121
267,24.5676658154,1.35878837109,0.998556852341,0.450658857822
268,24.6685819626,2.56769132614,2.17575263977,0.43177741766
269,24.7623858452,1.37821149826,2.23228025436,0.484274417162
270,24.8478279114,2.57021665573,1.02197861671,0.473818123341
271,24.9357578754,1.36024284363,1.02072811127,0.461318939924
272,25.0205028057,2.5736811161,2.16529583931,0.418899863958
273,25.1047058105,1.372651577,2.23533844948,0.480344176292
274,25.1932938099,2.58318138123,1.02435529232,0.474557489157
275,25.2867569923,1.36015629768,1.04762494564,0.458971440792
276,25.3772189617,2.56610798836,2.17734026909,0.410804897547
277,25.4628419876,1.37223339081,2.23306560516,0.471886783838
278,25.5467679501,2.58728766441,1.01775109768,0.472159355879
279,25.6291480064,1.36394536495,1.05479943752,0.452486246824
280,25.7131447792,2.5607483387,2.20823669434,0.409337490797
281,25.7966928482,1.37166762352,2.2384622097,0.468907803297
282,25.8826808929,2.58387446404,1.00456953049,0.47226396203
283,25.9674758911,1.36737298965,1.05486750603,0.45106869936
284,26.052533865,2.56507062912,2.23471975327,0.403604775667
285,26.1388368607,1.37172365189,2.24843001366,0.467153191566
286,26.2227158546,2.57970118523,0.99187284708,0.470888346434
287,26.3105509281,1.37380075455,1.05296051502,0.443662196398
288,26.3961999416,2.57461309433,2.24171328545,0.404477119446
289,26.4800288677,1.37111520767,2.25899267197,0.46677416563
290,26.5643727779,2.57559919357,0.991600811481,0.468240469694
291,26.6479918957,1.38418710232,1.04787969589,0.44204056263
292,26.7339098454,2.58520340919,2.2425236702,0.401954978704
293,26.8195319176,1.37059259415,2.26828527451,0.469466716051
294,26.9043607712,2.5731344223,0.995184123516,0.466872990131
295,26.9956278801,1.39344131947,1.04511809349,0.441140770912
296,27.0795378685,2.59216976166,2.22601485252,0.402797847986
297,27.1633369923,1.37200117111,2.27118849754,0.464550405741
298,27.2456707954,2.57269763947,0.997965753078,0.465385288
299,27.3307039738,1.39842605591,1.04391264915,0.43735358119
300,27.413561821,2.58098506927,2.20602369308,0.396311849356
301,27.4990148544,1.37345826626,2.26280903816,0.464956432581
302,27.6085767746,2.57427883148,1.00047111511,0.463509827852
303,27.7203178406,1.4075357914,1.04844129086,0.436115026474
304,27.8257129192,2.55774188042,2.18873429298,0.399250298738
305,27.9284899235,1.37402164936,2.25109982491,0.459833085537
306,28.0431349277,2.57217311859,1.00777816772,0.470285087824
307,28.1541140079,1.40990722179,1.05401599407,0.435032248497
308,28.2559869289,2.53573012352,2.18114614487,0.396856367588
309,28.3519868851,1.37109100819,2.23937153816,0.455380111933
310,28.4365999699,2.57330656052,1.01284253597,0.472216099501
311,28.5215818882,1.39678668976,1.05151116848,0.43780362606
312,28.6056759357,2.53045272827,2.18734192848,0.400693207979
313,28.691026926,1.36859023571,2.23226094246,0.459904581308
314,28.7790489197,2.58094120026,1.01717126369,0.470611870289
315,28.8633267879,1.37970769405,1.04277896881,0.442223131657
316,28.9489369392,2.53981161118,2.20513963699,0.417315721512
317,29.035119772,1.37222290039,2.23061561584,0.460781574249
318,29.1198678017,2.58337450027,1.0201832056,0.470903098583
319,29.2049529552,1.37052583694,1.03425371647,0.441120177507
320,29.2900538445,2.55479288101,2.21889638901,0.424424916506
321,29.3769350052,1.37724936008,2.23404169083,0.457580029964
322,29.4617688656,2.57749891281,1.02628457546,0.473184257746
323,29.5468258858,1.37075865269,1.02806270123,0.4420119524
324,29.6317429543,2.56773614883,2.22891974449,0.425950020552
325,29.719345808,1.37817060947,2.23865485191,0.453331828117
326,29.8044729233,2.57173609734,1.03027367592,0.470363944769
327,29.8884809017,1.3770493269,1.01785767078,0.446372359991
328,29.9728448391,2.57412600517,2.22697210312,0.420561105013
329,30.0587999821,1.37777340412,2.23401975632,0.447490721941
330,30.1445848942,2.57084178925,1.02595710754,0.468809068203
331,30.2291519642,1.38264751434,1.01495826244,0.450531870127
332,30.3129899502,2.5793902874,2.21573805809,0.423579663038
333,30.3962409496,1.37192630768,2.23326015472,0.459176361561
334,30.4801669121,2.57194209099,1.01831412315,0.467908084393
335,30.5643048286,1.38035917282,1.02056097984,0.454430431128
336,30.6470139027,2.58375287056,2.20205926895,0.424638003111
337,30.7309288979,1.36850237846,2.23561286926,0.460143893957
338,30.8132898808,2.57684421539,1.01647126675,0.466522425413
339,30.8968198299,1.36924743652,1.0257037878,0.45327860117
340,31.013343811,2.58023762703,2.18415594101,0.423332154751
341,31.0972959995,1.36643481255,2.22826194763,0.446964293718
342,31.1803638935,2.58393764496,1.01788151264,0.463969677687
343,31.2636189461,1.35832571983,1.02495718002,0.447383403778
344,31.3467018604,2.57224941254,2.16640400887,0.414895951748
345,31.4307398796,1.36237800121,2.21970176697,0.445129364729
346,31.516024828,2.59044384956,1.01766324043,0.463129669428
347,31.6022479534,1.3564094305,1.0297652483,0.452758669853
348,31.6867539883,2.57201910019,2.16267371178,0.409202158451
349,31.7715108395,1.3616553545,2.20994281769,0.438618987799
350,31.8549559116,2.59347891808,1.0162371397,0.463137567043
351,31.9389488697,1.36380648613,1.03124165535,0.45444214344
352,32.02212286,2.58206653595,2.18040108681,0.40882346034
353,32.1072769165,1.37131392956,2.19427037239,0.438899487257
354,32.1922898293,2.59324645996,1.01734614372,0.462312281132
355,32.2788619995,1.37857317924,1.02245593071,0.446959197521
356,32.3631868362,2.58948588371,2.20245599747,0.41493549943
357,32.4451777935,1.37745189667,2.18213510513,0.44236394763
358,32.5298688412,2.59129166603,1.02036190033,0.464189291
359,32.6133158207,1.3909778595,1.01386654377,0.447943657637
360,32.7009239197,2.59337186813,2.22837018967,0.422257691622
361,32.7858788967,1.37692844868,2.1760468483,0.439087182283
362,32.8703889847,2.59024858475,1.02254188061,0.468774646521
363,32.9538288116,1.38755631447,1.00347518921,0.454106837511
364,33.0375659466,2.59342336655,2.24131584167,0.429536432028
365,33.1211998463,1.37060821056,2.17419362068,0.439647912979
366,33.2053189278,2.59115576744,1.01909458637,0.470625936985
367,33.2881147861,1.37169957161,0.99099189043,0.465767115355
368,33.3715059757,2.59299182892,2.25504255295,0.429760754108
369,33.454005003,1.3644939661,2.18264651299,0.441892027855
370,33.5387818813,2.59397101402,1.01603245735,0.472361266613
371,33.6222817898,1.36131823063,0.980945646763,0.460749030113
372,33.7067139149,2.59402155876,2.27859425545,0.418355941772
373,33.792470932,1.36362147331,2.19373226166,0.437088996172
374,33.8759207726,2.5944173336,1.01363658905,0.474781304598
375,33.9590017796,1.36010468006,0.979531884193,0.462892115116
376,34.0442199707,2.59597945213,2.27400112152,0.414472877979
377,34.1287848949,1.36362409592,2.20092844963,0.43710309267
378,34.2128829956,2.58983922005,1.00948083401,0.477562129498
379,34.297055006,1.37124431133,0.982208788395,0.466543197632
380,34.379406929,2.59521317482,2.25071716309,0.41977468133
381,34.4619019032,1.3624266386,2.20601868629,0.439899533987
382,34.5471069813,2.58323025703,1.00408101082,0.472162634134
383,34.6296789646,1.39466011524,0.979042828083,0.461827278137
384,34.7133619785,2.58795690536,2.22863197327,0.422234594822
385,34.7971868515,1.36073732376,2.21118998528,0.445388674736
386,34.8799889088,2.57627511024,0.99555760622,0.462918072939
387,34.9640319347,1.40741145611,0.975099980831,0.454402208328
388,35.0485899448,2.57302808762,2.21842646599,0.411743581295
389,35.1343638897,1.36677932739,2.21477389336,0.445010751486
390,35.2208108902,2.5692088604,1.00171101093,0.458567082882
391,35.3059408665,1.40408086777,0.981470525265,0.452940672636
392,35.3951749802,2.56702613831,2.21979236603,0.407944142818
393,35.4794797897,1.3768415451,2.22000813484,0.450611233711
394,35.5642337799,2.56709933281,1.01967692375,0.457385271788
395,35.6470727921,1.3976098299,0.993401110172,0.445202082396
396,35.7313699722,2.57043004036,2.22994947433,0.409601122141
397,35.8188288212,1.38388085365,2.22602629662,0.452071517706
398,35.9039309025,2.56562113762,1.03058934212,0.452541649342
399,35.9880959988,1.38845002651,1.00506067276,0.43963226676
400,36.0780818462,2.56955003738,2.23797392845,0.401988267899
401,36.1691558361,1.38636946678,2.22807121277,0.4547701478
402,36.2605819702,2.56501412392,1.0302273035,0.454093575478
403,36.3516488075,1.37665784359,1.01184201241,0.43500739336
404,36.4367969036,2.56897854805,2.2370018959,0.394636332989
405,36.5215549469,1.38217163086,2.22213101387,0.45486664772
406,36.6053049564,2.57240962982,1.02537178993,0.454792171717
407,36.6924967766,1.37384927273,1.03258538246,0.440288573503
408,36.7779579163,2.58160257339,2.22388243675,0.406702578068
409,36.8619558811,1.37681639194,2.21946120262,0.455287694931
410,36.9461097717,2.5842165947,1.02194738388,0.449158489704
411,37.0356698036,1.38144171238,1.05855190754,0.449642270803
412,37.1279218197,2.59660553932,2.20114040375,0.411658614874
413,37.2172060013,1.37381112576,2.22280812263,0.453875631094
414,37.3071680069,2.59020662308,1.02119326591,0.44317227602
415,37.3972668648,1.38503026962,1.06212210655,0.452866286039
416,37.4889588356,2.59448027611,2.17516589165,0.411733001471
417,37.5812718868,1.37529051304,2.22968506813,0.450245082378
418,37.6728367805,2.5896832943,1.0264134407,0.450752496719
419,37.7868068218,1.3865185976,1.05791211128,0.456179946661
420,37.8724877834,2.58255577087,2.15525221825,0.414666444063
421,37.9580099583,1.37564969063,2.23148417473,0.448541402817
422,38.0446519852,2.58599019051,1.03241539001,0.454306155443
423,38.130188942,1.39234948158,1.05533957481,0.456432282925
424,38.2210409641,2.57567954063,2.16429305077,0.416577845812
425,38.306625843,1.37568974495,2.22807502747,0.448948919773
426,38.3954019547,2.5885951519,1.03660666943,0.455064564943
427,38.4801528454,1.4043148756,1.06013762951,0.449461847544
428,38.5648629665,2.57235622406,2.19260954857,0.422842413187
429,38.6499578953,1.37533962727,2.2237007618,0.450123906136
430,38.7363758087,2.59087371826,1.03929281235,0.45654630661
431,38.8223350048,1.40952515602,1.06910002232,0.447885304689
432,38.905949831,2.57308316231,2.20834612846,0.429894417524
433,38.9897909164,1.38040113449,2.21642327309,0.441192567348
434,39.0774159431,2.58639144897,1.0395270586,0.461848884821
435,39.1636209488,1.40504086018,1.07220232487,0.448847979307
436,39.2471218109,2.57007694244,2.22251725197,0.425690412521
437,39.3330659866,1.38766407967,2.2082362175,0.433850198984
438,39.4200417995,2.57685017586,1.0333507061,0.466563999653
439,39.5045208931,1.40196323395,1.06598341465,0.455658763647
440,39.588809967,2.57185935974,2.23987221718,0.429756939411
441,39.6732828617,1.38208472729,2.20922589302,0.441210001707
442,39.7619009018,2.56795930862,1.02448177338,0.467320024967
443,39.8480658531,1.40028381348,1.05277979374,0.457902222872
444,39.9383108616,2.57871127129,2.25358104706,0.432540684938
445,40.028646946,1.37248301506,2.22617030144,0.455811440945
446,40.1133108139,2.56902933121,1.01960575581,0.470311105251
447,40.198004961,1.39727735519,1.03955602646,0.454626619816
