,T,X,Y,Z
0,0.417364120483,1.47371828556,1.62409031391,0.550451755524
1,0.502848148346,0.278920739889,1.61006748676,0.549449980259
2,0.590119123459,1.45747697353,0.671891331673,0.54149979353
3,0.672780036926,0.273335576057,0.646936416626,0.546771585941
4,0.754878044128,1.48091924191,1.63780474663,0.540814995766
5,0.83599615097,0.284391283989,1.6243481636,0.547891438007
6,0.918895959854,1.46015417576,0.676905691624,0.540356993675
7,1.00169205666,0.279008567333,0.661934316158,0.541724383831
8,1.08393216133,1.53164601326,1.72761189938,0.516032755375
9,1.16390705109,0.323577135801,1.71274411678,0.528891324997
10,1.24625515938,1.49503707886,0.737460434437,0.523100137711
11,1.33335804939,0.329899758101,0.71520960331,0.521389126778
12,1.41578912735,1.59795939922,1.8494874239,0.495077520609
13,1.49824810028,0.377438127995,1.82133316994,0.513662219048
14,1.58037114143,1.54485785961,0.820294260979,0.504490017891
15,1.66048502922,0.393821805716,0.771739900112,0.503179848194
16,1.7429330349,1.64773988724,1.9516415596,0.479885607958
17,1.8262720108,0.427519619465,1.90635991096,0.504512786865
18,1.9064719677,1.60287547112,0.876338124275,0.497989237309
19,1.98891615868,0.443910002708,0.820866167545,0.490774810314
20,2.07829499245,1.68641793728,2.03634524345,0.466018468142
21,2.16773915291,0.466903835535,1.97983956337,0.490317165852
22,2.25697302818,1.6509604454,0.899758279324,0.490554183722
23,2.34371209145,0.485928088427,0.87318187952,0.470963150263
24,2.43437099457,1.71981704235,2.11420035362,0.458803892136
25,2.52182197571,0.499143272638,2.04968094826,0.483304619789
26,2.60740613937,1.68129098415,0.937409937382,0.483818501234
27,2.69071006775,0.520671188831,0.935330808163,0.459288656712
28,2.77431917191,1.7422593832,2.17863225937,0.448067873716
29,2.85869908333,0.525528848171,2.1045114994,0.478601098061
30,2.94236898422,1.69251430035,0.994852602482,0.479258149862
31,3.02795314789,0.543942928314,1.00473427773,0.450501084328
32,3.11306095123,1.75595676899,2.22776436806,0.442956447601
33,3.19761800766,0.540949046612,2.15253806114,0.475339919329
34,3.28118801117,1.70254325867,1.05052947998,0.470960348845
35,3.36672401428,0.568663299084,1.07016932964,0.452466338873
36,3.45295596123,1.76512527466,2.26862549782,0.443927466869
37,3.53860497475,0.54696559906,2.19516181946,0.474630504847
38,3.62209606171,1.7245798111,1.09372985363,0.464647114277
39,3.7095990181,0.579992890358,1.12165009975,0.450713396072
40,3.7987241745,1.77025854588,2.3046913147,0.445531845093
41,3.88101100922,0.544108390808,2.2458024025,0.470606535673
42,3.96331000328,1.74779236317,1.11997556686,0.461682349443
43,4.04665613174,0.577026188374,1.1472697258,0.453213691711
44,4.13245415688,1.7696249485,2.3358001709,0.44419953227
45,4.218075037,0.547404587269,2.28167653084,0.475202471018
46,4.30070495605,1.76186525822,1.13002598286,0.46159979701
47,4.38314294815,0.5690356493,1.15485703945,0.453829169273
48,4.46549201012,1.76476657391,2.35826897621,0.44340711832
49,4.54879593849,0.554511249065,2.3090877533,0.477019757032
50,4.63332700729,1.76627123356,1.13515663147,0.463930755854
51,4.72338700294,0.562950849533,1.15716958046,0.458619207144
52,4.81046414375,1.75867938995,2.37708044052,0.441376924515
53,4.89846205711,0.557554543018,2.33208918571,0.477598518133
54,4.98762011528,1.77061963081,1.14272284508,0.463053107262
55,5.07274103165,0.553704857826,1.15697717667,0.470329254866
56,5.1601691246,1.75103068352,2.39255166054,0.439523726702
57,5.24368309975,0.555848777294,2.35134506226,0.481905043125
58,5.33431506157,1.7749863863,1.15017700195,0.463200628757
59,5.42324304581,0.551976501942,1.16185057163,0.472209662199
60,5.51485610008,1.74397528172,2.39956760406,0.44282156229
61,5.60483598709,0.552089393139,2.36576342583,0.485447824001
62,5.6939740181,1.77997839451,1.15333855152,0.460939913988
63,5.78595304489,0.548625469208,1.16422879696,0.47707465291
64,5.87865114212,1.73824584484,2.39824414253,0.446788787842
65,5.96939396858,0.546332597733,2.37576627731,0.475808471441
66,6.05985713005,1.77500188351,1.16270565987,0.462263077497
67,6.15265107155,0.532402038574,1.15905034542,0.476408571005
68,6.24054408073,1.73142409325,2.39399647713,0.447767496109
69,6.32329416275,0.538639366627,2.37701678276,0.474095910788
70,6.40727901459,1.74480652809,1.16637480259,0.453935295343
71,6.4902369976,0.509893715382,1.15388941765,0.473313242197
72,6.58125805855,1.72306072712,2.38907194138,0.442855805159
73,6.66796207428,0.52635884285,2.37573552132,0.471964627504
74,6.75624108315,1.71606326103,1.15675592422,0.449934571981
75,6.84021806717,0.492953747511,1.14740037918,0.468885570765
76,6.92275094986,1.71268701553,2.38071990013,0.437915116549
77,7.00617194176,0.512784540653,2.3681936264,0.469422191381
78,7.08869600296,1.70774972439,1.15375876427,0.452505111694
79,7.17349696159,0.489181250334,1.14456748962,0.462372124195
80,7.25503611565,1.70273709297,2.37116289139,0.439754635096
81,7.3375480175,0.502605319023,2.35744595528,0.472828626633
82,7.42190599442,1.69842553139,1.15159547329,0.458443552256
83,7.506098032,0.486645251513,1.14335310459,0.456006020308
84,7.58944416046,1.69203913212,2.36155629158,0.440333873034
85,7.67382502556,0.495369493961,2.34615921974,0.47247427702
86,7.75701999664,1.68669760227,1.14390230179,0.466094732285
87,7.84246206284,0.477078825235,1.13846707344,0.449210822582
88,7.9556350708,1.68415427208,2.3512532711,0.443230420351
89,8.0403649807,0.485449522734,2.33113217354,0.46515673399
90,8.12306499481,1.66885006428,1.14061653614,0.470215469599
91,8.20647597313,0.466434508562,1.12298572063,0.445242226124
92,8.28972816467,1.68848466873,2.33549404144,0.448177665472
93,8.37410616875,0.472707688808,2.31615018845,0.463903397322
94,8.45744609833,1.65315067768,1.13899040222,0.468613952398
95,8.54033303261,0.461804151535,1.10308897495,0.442980736494
96,8.62322902679,1.69399511814,2.32687067986,0.459343314171
97,8.70758914948,0.460273325443,2.29903888702,0.461791843176
98,8.78992414474,1.64087736607,1.12243282795,0.471264213324
99,8.87395811081,0.460842490196,1.08288288116,0.447572022676
100,8.95757913589,1.68162047863,2.31784486771,0.467686414719
101,9.04031300545,0.450639903545,2.27975606918,0.458576321602
102,9.12306594849,1.63055384159,1.09497404099,0.475192397833
103,9.20731401443,0.461675941944,1.06359362602,0.447175830603
104,9.29029107094,1.66348803043,2.30394148827,0.467596262693
105,9.374573946,0.443060904741,2.25898218155,0.453516840935
106,9.45941209793,1.62324273586,1.07623767853,0.475737631321
107,9.54164600372,0.460158020258,1.04086995125,0.444562226534
108,9.62543106079,1.64709281921,2.27664613724,0.465090125799
109,9.70924210548,0.436248481274,2.23626112938,0.44851744175
110,9.79426813126,1.6204123497,1.06541359425,0.474790632725
111,9.87674403191,0.453759819269,1.01362168789,0.444925606251
112,9.9591960907,1.63566911221,2.23673033714,0.459924131632
113,10.0454170704,0.432838201523,2.2107462883,0.450322777033
114,10.1315140724,1.62518143654,1.04883921146,0.471745640039
115,10.2166719437,0.447133898735,0.985466182232,0.444739699364
116,10.3027980328,1.63064193726,2.17357420921,0.445333480835
117,10.3911731243,0.431914180517,2.18281197548,0.453539133072
118,10.477296114,1.63285267353,1.02114570141,0.466568410397
119,10.5658121109,0.438350230455,0.954101204872,0.444414943457
120,10.6525981426,1.62766516209,2.10739541054,0.430290162563
121,10.7379720211,0.432010799646,2.15023326874,0.452569723129
122,10.8245511055,1.6381547451,0.987959563732,0.459827214479
123,10.9102520943,0.434060275555,0.920310437679,0.441406041384
124,11.0000081062,1.6199067831,2.07415485382,0.423770844936
125,11.0857059956,0.429805189371,2.11701011658,0.44889485836
126,11.1719069481,1.64316785336,0.952132582664,0.456509113312
127,11.2593970299,0.43546667695,0.88983464241,0.441200613976
128,11.3446791172,1.61347353458,2.07250189781,0.427482247353
129,11.4308199883,0.427092522383,2.08157658577,0.436322838068
130,11.5169160366,1.65002036095,0.912539899349,0.451772838831
131,11.6014840603,0.437096625566,0.865875601768,0.445078939199
132,11.6873979568,1.62407422066,2.07821822166,0.440782666206
133,11.7714061737,0.433893144131,2.05599594116,0.426923513412
134,11.8556981087,1.65593636036,0.868314802647,0.450115501881
135,11.9416370392,0.439836472273,0.841039121151,0.441750407219
136,12.024502039,1.63032889366,2.05122447014,0.432633846998
137,12.108934164,0.444831222296,2.03273844719,0.429211944342
138,12.1915860176,1.66140651703,0.824888646603,0.45185649395
139,12.2741990089,0.445607990026,0.811103582382,0.433209896088
140,12.3583860397,1.63184475899,2.00567793846,0.424147963524
141,12.4426569939,0.442665398121,1.99561464787,0.433311134577
142,12.5293321609,1.66636562347,0.790343046188,0.45623472333
143,12.6152410507,0.461696922779,0.782285571098,0.426414400339
144,12.6986570358,1.64301133156,1.96046507359,0.417671829462
145,12.7821040154,0.447029262781,1.95112466812,0.43508169055
146,12.8666911125,1.6786468029,0.763478636742,0.46293181181
147,12.9534060955,0.477979630232,0.748839139938,0.425216913223
148,13.0418851376,1.66573250294,1.92839181423,0.419374704361
149,13.1297969818,0.459478110075,1.9160400629,0.435659557581
150,13.2175409794,1.69256579876,0.733353793621,0.467875570059
151,13.3060970306,0.488655507565,0.70981669426,0.423287600279
152,13.3918700218,1.6894351244,1.91512298584,0.42462182045
153,13.4786360264,0.469132393599,1.88899576664,0.431472182274
154,13.5675179958,1.70367050171,0.708671152592,0.472617924213
155,13.6568160057,0.495371550322,0.673568725586,0.422769039869
156,13.744312048,1.70080912113,1.90197718143,0.426600128412
157,13.8317439556,0.479416280985,1.86182594299,0.429368197918
158,13.9182870388,1.71825182438,0.687486886978,0.469885826111
159,14.0074770451,0.505202174187,0.644966363907,0.421270012856
160,14.0946509838,1.70115113258,1.88429152966,0.426524847746
161,14.2117450237,0.488605380058,1.83539319038,0.445979058743
162,14.2994890213,1.74564361572,0.668945014477,0.471941620111
163,14.3829679489,0.529139280319,0.623782336712,0.416814893484
164,14.4685800076,1.71283972263,1.86611652374,0.432343453169
165,14.5536921024,0.508771359921,1.81686043739,0.456122040749
166,14.6417770386,1.76609742641,0.656490981579,0.469820976257
167,14.7296600342,0.55652910471,0.600201785564,0.417383879423
168,14.8165819645,1.73593127728,1.84188389778,0.438307493925
169,14.9043321609,0.53228700161,1.80487787724,0.461722671986
170,14.9910781384,1.78564369678,0.642101585865,0.47312694788
171,15.0815820694,0.575832128525,0.569687187672,0.418873488903
172,15.1674301624,1.75815558434,1.80727815628,0.438682943583
173,15.2573280334,0.54978621006,1.7904253006,0.4639929533
174,15.3442101479,1.80889379978,0.62830477953,0.475536733866
175,15.4341490269,0.592246711254,0.546623051167,0.418005108833
176,15.5254399776,1.776299119,1.76886606216,0.431707590818
177,15.6132359505,0.569657444954,1.77621030807,0.467987030745
178,15.7020020485,1.83291494846,0.607323646545,0.473370939493
179,15.7893180847,0.617658138275,0.525635182858,0.420916467905
180,15.8757240772,1.80173707008,1.74481630325,0.430519878864
181,15.9663410187,0.599290132523,1.76802647114,0.471798628569
182,16.0548501015,1.85229551792,0.583567202091,0.466619700193
183,16.1423840523,0.653684914112,0.511011719704,0.418487429619
184,16.2286510468,1.83750629425,1.74668371677,0.436626911163
185,16.3195259571,0.632483839989,1.74247157574,0.479052513838
186,16.4048500061,1.87014842033,0.557347536087,0.458002150059
187,16.4914989471,0.682626962662,0.504241704941,0.4274507761
188,16.5750410557,1.87451243401,1.75669646263,0.441094696522
189,16.6604411602,0.671721994877,1.71140468121,0.477109521627
190,16.7449810505,1.88824999332,0.533751189709,0.457077354193
191,16.8289210796,0.708824276924,0.51394623518,0.435997545719
192,16.915915966,1.89834570885,1.74841082096,0.441442996264
193,17.0018229485,0.704142034054,1.68506515026,0.471095561981
194,17.087567091,1.91358709335,0.521492123604,0.460885226727
195,17.1744401455,0.735754787922,0.507659375668,0.429927140474
196,17.2596750259,1.91522932053,1.73232662678,0.435441643
197,17.3464691639,0.727149903774,1.66372132301,0.463621556759
198,17.4328229427,1.94452702999,0.512245476246,0.458704262972
199,17.517621994,0.757692992687,0.473308622837,0.434803187847
200,17.6012330055,1.93769073486,1.7116445303,0.429977953434
201,17.6874260902,0.750087797642,1.65248525143,0.463011711836
202,17.7723450661,1.97649073601,0.500095367432,0.459090530872
203,17.8947141171,0.784207642078,0.46374642849,0.440151244402
204,18.0064780712,1.96663057804,1.69449305534,0.433659791946
205,18.0998620987,0.783003747463,1.65487003326,0.462603986263
206,18.1939730644,2.00890827179,0.494622588158,0.456046998501
207,18.2852561474,0.824565410614,0.490296781063,0.450269281864
208,18.3718161583,2.00392246246,1.71029651165,0.43687671423
209,18.4573330879,0.813109874725,1.65971398354,0.468436539173
210,18.5437021255,2.04025840759,0.488436192274,0.452429354191
211,18.6296231747,0.858094334602,0.488883584738,0.455687612295
212,18.7170770168,2.035364151,1.71129751205,0.445083290339
213,18.8015511036,0.837305307388,1.65730512142,0.471792370081
214,18.8879580498,2.06694960594,0.46820423007,0.454541414976
215,18.9781341553,0.898311078548,0.493547827005,0.457709252834
216,19.06686306,2.07086443901,1.69822907448,0.452688783407
217,19.1575989723,0.864097595215,1.64579498768,0.466089993715
218,19.2497019768,2.09520316124,0.460089474916,0.462897211313
219,19.3394970894,0.943470537663,0.501621544361,0.465426206589
220,19.424213171,2.10798549652,1.68705415726,0.456690937281
221,19.507972002,0.897365093231,1.63597345352,0.458785742521
222,19.5913100243,2.12358212471,0.468985825777,0.469197064638
223,19.6746749878,0.977772772312,0.505048692226,0.462242722511
224,19.7579231262,2.13339614868,1.66828751564,0.455414712429
225,19.8419289589,0.928833723068,1.6398229599,0.453219771385
226,19.9241189957,2.15502071381,0.464206427336,0.466717779636
227,20.0089361668,0.998480618,0.489263862371,0.461330801249
228,20.0991361141,2.15349364281,1.65524828434,0.448534041643
229,20.1892271042,0.957604527473,1.65245640278,0.448822468519
230,20.2779500484,2.1920003891,0.45888864994,0.464682996273
231,20.3649480343,1.01733005047,0.479075819254,0.458096176386
232,20.4600019455,2.1707110405,1.65458762646,0.445312023163
233,20.5562310219,0.982683539391,1.66997814178,0.450941264629
234,20.6419341564,2.23013567924,0.466571390629,0.465339958668
235,20.7255289555,1.04332327843,0.497993648052,0.454478114843
236,20.8167920113,2.19777727127,1.66766357422,0.448880165815
237,20.9092121124,1.00921285152,1.69584572315,0.451164990664
238,21.0003240108,2.26549100876,0.477567881346,0.462479501963
239,21.092867136,1.08313190937,0.521130740643,0.438783168793
240,21.1832110882,2.23277497292,1.68489038944,0.447487831116
241,21.2696101665,1.03971803188,1.71944379807,0.447276949883
242,21.3588349819,2.29982471466,0.49241065979,0.464936673641
243,21.4437060356,1.11068797112,0.520980119705,0.432453513145
244,21.5326240063,2.26507043839,1.70047497749,0.447142452002
245,21.6188819408,1.06960320473,1.72715175152,0.452212423086
246,21.7053310871,2.32570075989,0.511078715324,0.463960468769
247,21.7911131382,1.13387978077,0.507128298283,0.426867038012
248,21.877076149,2.29640197754,1.7143985033,0.440253257751
249,21.9640109539,1.09878265858,1.73425424099,0.45256665349
250,22.0516731739,2.35194134712,0.53026163578,0.459181040525
251,22.1405470371,1.16804766655,0.504134118557,0.431037217379
252,22.2245070934,2.3258664608,1.72783613205,0.432993710041
253,22.3081309795,1.13418793678,1.74714016914,0.451937615871
254,22.3937671185,2.38225078583,0.546853065491,0.455038577318
255,22.4770460129,1.20486009121,0.514806747437,0.435081094503
256,22.5635051727,2.35737252235,1.75558388233,0.436027944088
257,22.6741411686,1.15738427639,1.77268946171,0.442578732967
258,22.7563500404,2.41470766068,0.554902970791,0.454275012016
259,22.8412091732,1.23331522942,0.532922148705,0.432648122311
260,22.9252901077,2.3919467926,1.79058516026,0.440155059099
261,23.0099761486,1.18055486679,1.79911267757,0.439417362213
262,23.0957410336,2.44073534012,0.562344491482,0.451436281204
263,23.1808161736,1.24930667877,0.5570114851,0.436239689589
264,23.2664561272,2.41521978378,1.80839407444,0.436763048172
265,23.3506109715,1.20564734936,1.81802356243,0.441977530718
266,23.4402601719,2.46236920357,0.576393902302,0.44757398963
267,23.5317411423,1.25798344612,0.585966348648,0.426798969507
268,23.6237239838,2.43345379829,1.82240235806,0.434991598129
269,23.7103550434,1.22456002235,1.83374214172,0.44730207324
270,23.7991559505,2.48193788528,0.605569064617,0.445339411497
271,23.8844921589,1.27508103848,0.618491768837,0.42978990078
272,23.9667890072,2.45300555229,1.8438321352,0.434259444475
273,24.0516591072,1.23907089233,1.85800123215,0.453125029802
274,24.1351189613,2.50125026703,0.625497460365,0.445211797953
275,24.221157074,1.28977918625,0.660118639469,0.431179791689
276,24.3045530319,2.47183442116,1.86602437496,0.43551915884
277,24.3901629448,1.25048911572,1.8880521059,0.454328775406
278,24.4752380848,2.51980471611,0.647595822811,0.447946310043
279,24.559636116,1.29671740532,0.687082827091,0.438225775957
280,24.6476271152,2.49212050438,1.88868808746,0.442289859056
281,24.7332611084,1.26744389534,1.91138517857,0.460212111473
282,24.8211481571,2.53346967697,0.675746917725,0.455455303192
283,24.9084880352,1.29170060158,0.694436311722,0.442718029022
284,24.995016098,2.50987744331,1.91558015347,0.448776811361
285,25.0834980011,1.28321099281,1.9270979166,0.465876966715
286,25.1668391228,2.5399415493,0.715682983398,0.456489175558
287,25.2514650822,1.28828060627,0.712922632694,0.455363571644
288,25.3354330063,2.52736759186,1.94951820374,0.456060886383
289,25.4206910133,1.29609632492,1.94692409039,0.466890275478
290,25.505053997,2.54271364212,0.758279919624,0.455107092857
291,25.5910360813,1.30209863186,0.748564004898,0.463195681572
292,25.6765921116,2.53432130814,1.98507380486,0.451524585485
293,25.7618980408,1.30712711811,1.978484869,0.465703874826
294,25.8479950428,2.54762721062,0.79518610239,0.452834397554
295,25.9331040382,1.32323729992,0.800077438354,0.465065062046
296,26.0232710838,2.53343009949,2.01702213287,0.44803366065
297,26.109372139,1.31854248047,2.0130147934,0.461943507195
298,26.1964290142,2.55093812943,0.823373675346,0.456042081118
299,26.2854299545,1.33693623543,0.854013323784,0.457048982382
300,26.3724551201,2.5280919075,2.05236363411,0.448313117027
301,26.4601819515,1.329449296,2.04063773155,0.462540626526
302,26.5464701653,2.55553460121,0.858674108982,0.454579591751
303,26.6346750259,1.34755444527,0.893628001213,0.45270806551
304,26.7240509987,2.5197622776,2.08062291145,0.441257417202
305,26.8130550385,1.33881640434,2.06215000153,0.461615562439
306,26.9010050297,2.55750370026,0.905022859573,0.450687676668
307,26.9917061329,1.35993123055,0.916611373425,0.444344848394
308,27.0800631046,2.51844191551,2.10497355461,0.439750283957
309,27.1661391258,1.34503006935,2.0878329277,0.462308883667
310,27.2532119751,2.55840158463,0.948511242867,0.449349164963
311,27.340927124,1.37082433701,0.931723356247,0.441223174334
312,27.4269831181,2.52534127235,2.13656878471,0.443826645613
313,27.5120110512,1.34796071053,2.11692333221,0.462694823742
314,27.5999741554,2.55587410927,0.978708088398,0.444423288107
315,27.6864640713,1.37110579014,0.935616791248,0.442306905985
316,27.7759611607,2.52709674835,2.17403173447,0.449956059456
317,27.8632781506,1.34602820873,2.14612531662,0.461690366268
318,27.9509601593,2.5551302433,1.00442409515,0.446624279022
319,28.0386071205,1.36731624603,0.929672300816,0.443670600653
320,28.1263670921,2.5238070488,2.21328210831,0.448596596718
321,28.2117171288,1.33447241783,2.1787571907,0.458739519119
322,28.301347971,2.55069565773,1.03177297115,0.444676935673
323,28.3866980076,1.36679959297,0.935779690742,0.443100661039
324,28.4714691639,2.5159304142,2.24646735191,0.447365015745
325,28.5573329926,1.32060909271,2.21149373055,0.450863748789
326,28.6431000233,2.53328108788,1.0605969429,0.442162960768
327,28.7269921303,1.36130511761,0.962989091873,0.441691368818
328,28.816231966,2.49946951866,2.27549290657,0.447743147612
329,28.903758049,1.30826163292,2.24249696732,0.448569476604
330,28.9914500713,2.51209831238,1.09687936306,0.44238319993
331,29.0781471729,1.34979379177,1.01234972477,0.444411337376
332,29.167484045,2.48306703568,2.29859876633,0.449955761433
333,29.2573640347,1.29822981358,2.26852035522,0.451624542475
334,29.343788147,2.49467539787,1.14517939091,0.43979409337
335,29.4346880913,1.33207964897,1.07062017918,0.44705286622
336,29.5512320995,2.46493196487,2.31949806213,0.446745127439
337,29.6400790215,1.28910577297,2.29147982597,0.45760974288
338,29.726047039,2.47893071175,1.18929469585,0.450820326805
339,29.811661005,1.31134080887,1.11068129539,0.452722638845
340,29.8986470699,2.44660949707,2.34299969673,0.444248974323
341,29.9880340099,1.27536797523,2.32001876831,0.456489622593
342,30.0780620575,2.46322655678,1.20528900623,0.449454456568
343,30.1637370586,1.29179096222,1.11973118782,0.457238137722
344,30.249448061,2.43092679977,2.36775040627,0.439463466406
345,30.3335959911,1.25893831253,2.35229563713,0.447943329811
346,30.4210600853,2.44467759132,1.20163226128,0.441018432379
347,30.5072510242,1.26729249954,1.12214004993,0.46205368638
348,30.5918040276,2.4178750515,2.38759875298,0.428958296776
349,30.6771941185,1.24084889889,2.37906193733,0.447198301554
350,30.766149044,2.4299621582,1.19350218773,0.443049311638
351,30.8584749699,1.24070262909,1.14329957962,0.458766520023
352,30.9435319901,2.40085840225,2.40441560745,0.421709358692
353,31.0285551548,1.22264933586,2.40052461624,0.447781890631
354,31.116104126,2.41971278191,1.19078218937,0.453689068556
355,31.1998810768,1.21083593369,1.19278502464,0.457415133715
356,31.2877240181,2.38508057594,2.42285490036,0.41722163558
357,31.3717110157,1.20275700092,2.4165365696,0.452353686094
358,31.4582650661,2.40124440193,1.20109713078,0.458505183458
359,31.5416271687,1.19271028042,1.23988997936,0.461414933205
360,31.6285800934,2.37065768242,2.43702244759,0.416036695242
361,31.7157299519,1.18212115765,2.42829632759,0.454840451479
362,31.8005349636,2.37627100945,1.21759831905,0.466217130423
363,31.8863120079,1.17773139477,1.27547049522,0.462924301624
364,31.9718770981,2.35020375252,2.4488735199,0.405787885189
365,32.0586161613,1.1586586237,2.43647670746,0.45703715086
366,32.1445031166,2.34916090965,1.23709893227,0.472761034966
367,32.2278270721,1.14810633659,1.30054199696,0.456324636936
368,32.3111989498,2.33314871788,2.46344661713,0.399127334356
369,32.3965139389,1.13002634048,2.44679284096,0.459950208664
370,32.4805469513,2.31929779053,1.26550209522,0.468476265669
371,32.5671730042,1.11995482445,1.32232296467,0.446191579103
372,32.6538980007,2.3245575428,2.48318576813,0.400896191597
373,32.7392101288,1.097417593,2.465539217,0.462990552187
374,32.8241651058,2.29166316986,1.28557574749,0.471289783716
375,32.9079940319,1.09361004829,1.34351146221,0.447079539299
376,32.9924640656,2.31271982193,2.50405836105,0.409062862396
377,33.0795500278,1.06491458416,2.48719382286,0.467869251966
378,33.1666359901,2.26675653458,1.29436254501,0.474722325802
379,33.2532091141,1.06769490242,1.35899615288,0.441587120295
380,33.3415830135,2.29003787041,2.53378915787,0.426323533058
381,33.4302690029,1.03527140617,2.51012420654,0.46798145771
382,33.5172841549,2.23764443398,1.30611181259,0.476019859314
383,33.6057169437,1.03343880177,1.36074924469,0.439358592033
384,33.6929759979,2.25782680511,2.57016801834,0.43936547637
385,33.7771019936,1.00897073746,2.53615927696,0.469129532576
386,33.8662290573,2.21095108986,1.31779611111,0.481033563614
387,33.9545741081,0.995912373066,1.34848415852,0.438678443432
388,34.0426111221,2.21815991402,2.58962249756,0.445702731609
389,34.1329891682,0.984096109867,2.55614757538,0.470064729452
390,34.2217819691,2.17913126945,1.32926571369,0.485178619623
391,34.3108150959,0.960050702095,1.33373963833,0.437245726585
392,34.4071969986,2.17399024963,2.57289814949,0.443059027195
393,34.5008971691,0.952048122883,2.56453299522,0.469211399555
394,34.5888440609,2.145570755,1.33783042431,0.479722470045
395,34.6771640778,0.924481391907,1.32773137093,0.4356315732
396,34.7669651508,2.13906025887,2.54329800606,0.450589507818
397,34.8572790623,0.921221137047,2.56164908409,0.460598558187
398,34.9425840378,2.11036109924,1.35010933876,0.47435644269
399,35.0258419514,0.88828933239,1.32942652702,0.437483161688
400,35.1111221313,2.11822938919,2.53081536293,0.448732405901
401,35.1969430447,0.895419001579,2.54857158661,0.453723520041
402,35.2828800678,2.07654309273,1.35113084316,0.476291328669
403,35.3678481579,0.85683298111,1.33000659943,0.437367200851
404,35.4563469887,2.09524130821,2.54173779488,0.446535021067
405,35.5443630219,0.866088271141,2.53142142296,0.453140705824
406,35.6407210827,2.02982616425,1.33801329136,0.47615391016
407,35.7337391376,0.828941404819,1.32309663296,0.444995731115
408,35.8214099407,2.059071064,2.57673764229,0.445803433657
409,35.9085979462,0.832752227783,2.51836013794,0.452122449875
410,35.9950420856,1.98435139656,1.33473312855,0.467160910368
411,36.0805859566,0.797523260117,1.31894791126,0.447134196758
412,36.1758310795,2.01551032066,2.60575628281,0.446359962225
413,36.2677750587,0.802717447281,2.50565576553,0.449885845184
414,36.3743419647,1.96232140064,1.34505677223,0.463709145784
415,36.4798641205,0.763497412205,1.31110739708,0.449690371752
416,36.5728580952,1.9800593853,2.581553936,0.445942789316
417,36.6618349552,0.77105820179,2.48905420303,0.447456359863
418,36.75090909,1.95522379875,1.34211730957,0.465654432774
419,36.8391051292,0.725654184818,1.30146741867,0.446015030146
420,36.9282560349,1.94082903862,2.53448176384,0.434479087591
421,37.0176620483,0.740865647793,2.48041725159,0.449610412121
422,37.1063139439,1.93442869186,1.33946418762,0.470274478197
423,37.1927571297,0.692038178444,1.28382790089,0.448661714792
424,37.2850761414,1.89578604698,2.50664019585,0.434761166573
425,37.3798019886,0.710192024708,2.4759144783,0.453242570162
426,37.4757871628,1.90302979946,1.32368433475,0.46987876296
427,37.5713961124,0.658675134182,1.26700890064,0.451240420341
428,37.6612319946,1.86532342434,2.49171495438,0.439441233873
429,37.7509050369,0.680647492409,2.4727742672,0.460213780403
430,37.8440480232,1.87157392502,1.29821050167,0.469220399857
431,37.933727026,0.633685827255,1.25855398178,0.442330062389
432,38.0593111515,1.83887887001,2.47561264038,0.435100346804
433,38.1492180824,0.65229934454,2.46860694885,0.464683949947
434,38.2384240627,1.84415876865,1.27089107037,0.468300193548
435,38.3266091347,0.618711829185,1.24021160603,0.44417822361
436,38.4154160023,1.79919803143,2.45018172264,0.420529335737
437,38.5007250309,0.627870202065,2.45632743835,0.465871632099
438,38.5898051262,1.81986808777,1.25110220909,0.470406204462
439,38.6758320332,0.606567621231,1.21887218952,0.445012152195
440,38.7634060383,1.76882386208,2.4372074604,0.431293278933
441,38.8490200043,0.608671247959,2.43274736404,0.463954150677
442,38.9350850582,1.79014384747,1.23286497593,0.473429173231
443,39.0253381729,0.588252663612,1.19337952137,0.444533228874
444,39.113681078,1.74187469482,2.41942667961,0.440001696348
445,39.202450037,0.592523753643,2.40489554405,0.465802937746
446,39.2907061577,1.74956941605,1.20637476444,0.468095749617
447,39.3781750202,0.568650364876,1.16758799553,0.444589227438
448,39.4661340714,1.71701014042,2.39156365395,0.432276308537
449,39.5506191254,0.577404797077,2.37782406807,0.462784200907
450,39.6417119503,1.71405482292,1.17713820934,0.464325964451
451,39.7288131714,0.551072061062,1.14558553696,0.442381978035
452,39.8145389557,1.69949996471,2.35776972771,0.430749177933
453,39.89975214,0.56409829855,2.34736847878,0.458867281675
454,39.9836089611,1.69060242176,1.14830267429,0.460783571005
455,40.0700249672,0.535434603691,1.12631368637,0.442023843527
