,T,Vc,X
0,0.0,1.0,-1.0128017664
1,0.0102868080139,1.0,-1.01267695427
2,0.0206468105316,1.0,-1.0124976635
3,0.0310308933258,1.0,-1.01241242886
4,0.0415368080139,1.0,-1.01230561733
5,0.0517799854279,1.0,-1.01213634014
6,0.0620839595795,1.0,-1.01174986362
7,0.0724048614502,1.0,-1.01136124134
8,0.0827460289001,1.0,-1.0109423399
9,0.0930349826813,1.0,-1.01041066647
10,0.103252887726,1.0,-1.00918364525
11,0.113473892212,1.0,-1.00841498375
12,0.123651027679,1.0,-1.0074441433
13,0.133944988251,1.0,-1.00650978088
14,0.144383907318,1.0,-1.00557243824
15,0.154914855957,1.0,-1.00336325169
16,0.165454864502,1.0,-1.0021905899
17,0.176029920578,1.0,-1.00097107887
18,0.186237812042,1.0,-0.999524235725
19,0.196576833725,1.0,-0.996386349201
20,0.206841945648,1.0,-0.994637787342
21,0.217154026031,1.0,-0.992698550224
22,0.227511882782,1.0,-0.990627586842
23,0.237836837769,1.0,-0.985842466354
24,0.248167991638,1.0,-0.983277618885
25,0.258418798447,1.0,-0.980494618416
26,0.26867389679,1.0,-0.977374374866
27,0.279035806656,1.0,-0.97091460228
28,0.28935790062,1.0,-0.967436134815
29,0.299785852432,1.0,-0.96387720108
30,0.310412883759,1.0,-0.960133969784
31,0.321076869965,1.0,-0.952156066895
32,0.331632852554,1.0,-0.947942495346
33,0.342228889465,1.0,-0.94356316328
34,0.352808952332,1.0,-0.938991844654
35,0.363354921341,1.0,-0.92939633131
36,0.373908996582,1.0,-0.924319505692
37,0.384511947632,1.0,-0.919036030769
38,0.395392894745,1.0,-0.908042907715
39,0.406090021133,1.0,-0.90233451128
40,0.416309833527,1.0,-0.896452605724
41,0.426841974258,1.0,-0.890354156494
42,0.43720293045,1.0,-0.877815663815
43,0.447397947311,1.0,-0.871355056763
44,0.457638978958,1.0,-0.86452382803
45,0.467811822891,1.0,-0.857856094837
46,0.478058815002,1.0,-0.843958199024
47,0.488677024841,1.0,-0.836789727211
48,0.499070882797,1.0,-0.829395234585
49,0.509591817856,1.0,-0.821952342987
50,0.52040886879,1.0,-0.806687831879
51,0.530996799469,1.0,-0.79882889986
52,0.541489839554,1.0,-0.790849089622
53,0.552053928375,1.0,-0.782837748528
54,0.562716960907,1.0,-0.766419291496
55,0.573210000992,1.0,-0.758075475693
56,0.58371591568,1.0,-0.749589800835
57,0.594250917435,1.0,-0.741072356701
58,0.604912996292,1.0,-0.723743677139
59,0.615154027939,1.0,-0.714718639851
60,0.625593900681,1.0,-0.705857694149
61,0.635949850082,1.0,-0.696981489658
62,0.646261930466,1.0,-0.67883002758
63,0.656538009644,1.0,-0.669744849205
64,0.666746854782,1.0,-0.660609483719
65,0.677062988281,1.0,-0.651360869408
66,0.687426805496,1.0,-0.632850468159
67,0.697999000549,1.0,-0.623473227024
68,0.708547830582,1.0,-0.614077806473
69,0.719097852707,1.0,-0.604672193527
70,0.729720830917,1.0,-0.585676074028
71,0.740248918533,1.0,-0.57618367672
72,0.750749826431,1.0,-0.566775977612
73,0.761453866959,1.0,-0.556891977787
74,0.77209186554,1.0,-0.537885189056
75,0.782804965973,1.0,-0.528011679649
76,0.793385028839,1.0,-0.518347322941
77,0.804137945175,1.0,-0.498958855867
78,0.814838886261,1.0,-0.489070892334
79,0.825140953064,1.0,-0.480089068413
80,0.835405826569,1.0,-0.470384985209
81,0.845665931702,1.0,-0.451011270285
82,0.856212854385,1.0,-0.441288411617
83,0.866806030273,1.0,-0.431205302477
84,0.877445936203,1.0,-0.421414703131
85,0.888067960739,1.0,-0.402299970388
86,0.898651838303,1.0,-0.392857164145
87,0.909332990646,1.0,-0.383238971233
88,0.919842004776,1.0,-0.36368098855
89,0.930876970291,1.0,-0.354285508394
90,0.941537857056,1.0,-0.344365060329
91,0.952090024948,1.0,-0.334955811501
92,0.962651014328,1.0,-0.315780490637
93,0.9731798172,1.0,-0.305667072535
94,0.983662843704,1.0,-0.296173453331
95,0.993997812271,1.0,-0.286833465099
96,1.00430798531,1.0,-0.268204152584
97,1.01470088959,1.0,-0.258697986603
98,1.0256049633,1.0,-0.249305725098
99,1.03582882881,1.0,-0.239939928055
100,1.04612493515,1.0,-0.221134737134
101,1.05633997917,1.0,-0.21165946126
102,1.06660699844,1.0,-0.202297732234
103,1.07691693306,1.0,-0.193256467581
104,1.08717894554,1.0,-0.174536958337
105,1.09735202789,1.0,-0.16527505219
106,1.10764193535,1.0,-0.156071543694
107,1.11791396141,1.0,-0.146854609251
108,1.12824892998,1.0,-0.137576520443
109,1.13884496689,1.0,-0.119430974126
110,1.14936494827,1.0,-0.110048674047
111,1.15983986855,1.0,-0.101051002741
112,1.17028689384,1.0,-0.0825935676694
113,1.18072295189,1.0,-0.0735007822514
114,1.19128680229,1.0,-0.0644058063626
115,1.2015068531,1.0,-0.0553405620158
116,1.21171879768,1.0,-0.0370431691408
117,1.22192692757,1.0,-0.0273899678141
118,1.23227787018,1.0,-0.0185449440032
119,1.24260902405,1.0,-0.00946763157845
120,1.25296282768,1.0,-0.000642658560537
121,1.26332497597,1.0,0.017261987552
122,1.27394199371,1.0,0.0257625635713
123,1.28446483612,1.0,0.0352009944618
124,1.29518985748,1.0,0.0525321960449
125,1.30569982529,1.0,0.0614152923226
126,1.31621289253,1.0,0.0703282877803
127,1.32685089111,1.0,0.0791286304593
128,1.33732390404,1.0,0.0969201996922
129,1.34781599045,1.0,0.105764091015
130,1.35834980011,1.0,0.114590205252
131,1.36852693558,1.0,0.123474895954
132,1.37873888016,1.0,0.141224384308
133,1.38891792297,1.0,0.150118038058
134,1.39922189713,1.0,0.159042999148
135,1.4097058773,1.0,0.16790561378
136,1.42005181313,1.0,0.185570374131
137,1.43029785156,1.0,0.194425463676
138,1.44063782692,1.0,0.20351536572
139,1.45083999634,1.0,0.212148815393
140,1.46112394333,1.0,0.22097902
141,1.47139596939,1.0,0.238921970129
142,1.48193383217,1.0,0.247540190816
143,1.49253201485,1.0,0.256695687771
144,1.5030798912,1.0,0.274481683969
145,1.51394295692,1.0,0.283155977726
146,1.52418589592,1.0,0.291982322931
147,1.53447699547,1.0,0.300864309072
148,1.54465103149,1.0,0.309801012278
149,1.55486083031,1.0,0.32755869627
150,1.56508302689,1.0,0.336593091488
151,1.57533693314,1.0,0.345732450485
152,1.58556199074,1.0,0.354359984398
153,1.59588003159,1.0,0.37243103981
154,1.60636687279,1.0,0.381400853395
155,1.61696982384,1.0,0.390644550323
156,1.62780284882,1.0,0.399653166533
157,1.63851499557,1.0,0.417260080576
158,1.64871788025,1.0,0.42627158761
159,1.65892601013,1.0,0.435499191284
160,1.66920495033,1.0,0.444278210402
161,1.67954397202,1.0,0.462287068367
162,1.68983793259,1.0,0.471565514803
163,1.70032501221,1.0,0.480721741915
164,1.710958004,1.0,0.489520996809
165,1.72142291069,1.0,0.507885575294
166,1.7320098877,1.0,0.517001926899
167,1.74257397652,1.0,0.526019871235
168,1.75306487083,1.0,0.534864842892
169,1.7636039257,1.0,0.553266704082
170,1.77409791946,1.0,0.56235909462
171,1.78458499908,1.0,0.571522772312
172,1.79517483711,1.0,0.589636087418
173,1.80538582802,1.0,0.598757326603
174,1.81565999985,1.0,0.607810258865
175,1.82598686218,1.0,0.616931080818
176,1.83638501167,1.0,0.635094642639
177,1.84687995911,1.0,0.644149959087
178,1.85727000237,1.0,0.653349280357
179,1.86768603325,1.0,0.662418663502
180,1.87834787369,1.0,0.671428024769
181,1.8891248703,1.0,0.689821720123
182,1.89968180656,1.0,0.698948204517
183,1.91033887863,1.0,0.708048760891
184,1.92102599144,1.0,0.726369023323
185,1.93155694008,1.0,0.73547321558
186,1.94221687317,1.0,0.744715690613
187,1.95288586617,1.0,0.753854572773
188,1.96343994141,1.0,0.772205293179
189,1.97395181656,1.0,0.781090736389
190,1.98448896408,1.0,0.790413856506
191,1.99543094635,1.0,0.808757007122
192,2.00636291504,1.0,0.817954659462
193,2.01704096794,1.0,0.827086389065
194,2.02772784233,1.0,0.836240947247
195,2.03815793991,1.0,0.854778766632
196,2.04861903191,1.0,0.863750815392
197,2.05919599533,1.0,0.872973263264
198,2.06975293159,1.0,0.882364988327
199,2.08065891266,1.0,0.900750696659
200,2.09131598473,1.0,0.910082101822
201,2.10192394257,1.0,0.919325172901
202,2.11248993874,1.0,0.937688589096
203,2.12309885025,1.0,0.946853637695
204,2.13366484642,1.0,0.956075310707
205,2.14422297478,1.0,0.965242922306
206,2.15485286713,1.0,0.983700215816
207,2.1653778553,1.0,0.992732226849
208,2.17587590218,1.0,1.0020917654
209,2.18638896942,1.0,1.01134598255
210,2.19697284698,1.0,1.02973651886
211,2.20758700371,1.0,1.03892481327
212,2.21826481819,1.0,1.04817485809
213,2.22913002968,1.0,1.06679522991
214,2.24007892609,1.0,1.07606470585
215,2.25066900253,1.0,1.0853215456
216,2.26133799553,1.0,1.10367977619
217,2.27239179611,1.0,1.1128937006
218,2.28293800354,1.0,1.12202048302
219,2.29360580444,1.0,1.13126385212
220,2.3042140007,1.0,1.14959657192
221,2.31475090981,1.0,1.15877068043
222,2.32537198067,1.0,1.16796660423
223,2.33607697487,1.0,1.17705011368
224,2.34669280052,1.0,1.19539821148
225,2.35738992691,1.0,1.20455825329
226,2.36796402931,1.0,1.21360397339
227,2.37848782539,1.0,1.23198342323
228,2.38897299767,1.0,1.2411082983
229,2.39956283569,1.0,1.25020134449
230,2.4098238945,1.0,1.25939631462
231,2.42037200928,1.0,1.2685854435
232,2.43097090721,1.0,1.28678441048
233,2.44202780724,1.0,1.29591202736
234,2.45249986649,1.0,1.30506014824
235,2.46292686462,1.0,1.32323622704
236,2.47319102287,1.0,1.33225142956
237,2.48349189758,1.0,1.34139025211
238,2.49390983582,1.0,1.35041892529
239,2.50429582596,1.0,1.36855995655
240,2.51446986198,1.0,1.37771296501
241,2.52466487885,1.0,1.38674664497
242,2.53489398956,1.0,1.39584589005
243,2.54512691498,1.0,1.41390371323
244,2.55529093742,1.0,1.42291939259
245,2.5654938221,1.0,1.43196809292
246,2.57567381859,1.0,1.44101631641
247,2.58588981628,1.0,1.45012962818
248,2.59628796577,1.0,1.46814346313
249,2.60665893555,1.0,1.47720730305
250,2.61696600914,1.0,1.48618996143
251,2.62728381157,1.0,1.49523770809
252,2.63780999184,1.0,1.51328539848
