,T,Vc,X,delta
0,0.0,-0.10880190134,1.0880190134,-0.0728378842219
1,0.0159459114075,-0.109015183449,1.08855724335,-0.0720162426827
2,0.0211799144745,-0.109063661098,1.08851861954,-0.0717297291644
3,0.0313019752502,-0.109191441536,1.08878421783,-0.0711581120546
4,0.0417249202728,-0.109373311996,1.08956062794,-0.0705459433727
5,0.0519530773163,-0.109463267326,1.08943736553,-0.0699088968058
6,0.0625789165497,-0.109590148926,1.0896435976,-0.0692212514481
7,0.0732460021973,-0.109707274437,1.08974814415,-0.0685003728976
8,0.0851099491119,-0.109856491089,1.09005391598,-0.0676660676891
9,0.091903924942,-0.109935052395,1.09016013145,-0.0671714078102
10,0.101752996445,-0.110043580532,1.09026050568,-0.0664330028031
11,0.116442918777,-0.110197107792,1.09032678604,-0.0652856408144
12,0.121984958649,-0.110255889893,1.09036040306,-0.0648389868683
13,0.13217997551,-0.110358185768,1.09036386013,-0.063997086198
14,0.142474889755,-0.110448606014,1.09023857117,-0.0631200109789
15,0.152931928635,-0.110539729595,1.09010410309,-0.0622031707318
16,0.163399934769,-0.110630140305,1.08996140957,-0.0612595880557
17,0.174197912216,-0.110701785088,1.08959805965,-0.0602572700036
18,0.185261964798,-0.110788607597,1.08935987949,-0.0592044554911
19,0.19261598587,-0.11082675457,1.08900594711,-0.0584872741241
20,0.202805995941,-0.110897839069,1.0886977911,-0.0574762387524
21,0.213191986084,-0.110968058109,1.08836138248,-0.0564226821529
22,0.223393917084,-0.111033205986,1.08799266815,-0.0553654302286
23,0.233829021454,-0.111051285267,1.08712995052,-0.0542558268901
24,0.243273019791,-0.111093857288,1.0866112709,-0.0532363303979
25,0.258269071579,-0.111128399372,1.08545708656,-0.0515778095103
26,0.268510103226,-0.11117538929,1.08490288258,-0.0504243447635
27,0.273510932922,-0.111225397587,1.08490288258,-0.0498580214416
28,0.283680915833,-0.111217079163,1.08380270004,-0.0486775473577
29,0.293845891953,-0.111285076141,1.08346617222,-0.0474909221496
30,0.304157972336,-0.111292853355,1.08251273632,-0.0462612137337
31,0.314569950104,-0.111321203709,1.08175504208,-0.0450057041248
32,0.325146913528,-0.111294806004,1.08043336868,-0.0437055133555
33,0.335763931274,-0.111360182762,1.08002543449,-0.0423982153349
34,0.347924947739,-0.111409242153,1.07929992676,-0.0408785084736
35,0.358967065811,-0.111329357624,1.07739686966,-0.0394632156015
36,0.369077920914,-0.111356067657,1.07665288448,-0.0381701909574
37,0.374790906906,-0.11132969141,1.07581782341,-0.0374280037528
38,0.384694099426,-0.111346385479,1.07499444485,-0.036143327108
39,0.399274110794,-0.111415319443,1.07422578335,-0.0342421018825
40,0.409900903702,-0.111346313953,1.07247304916,-0.0328252666522
41,0.419974088669,-0.111362550259,1.07162809372,-0.0314875664389
42,0.425060033798,-0.111328735352,1.07078135014,-0.0308024476977
43,0.435112953186,-0.111346271038,1.06995141506,-0.0294575233774
44,0.445293903351,-0.111363620758,1.06910681725,-0.0280896765936
45,0.455512046814,-0.111278500557,1.06723380089,-0.0266944038267
46,0.465790987015,-0.111381289959,1.06723380089,-0.0253190146791
47,0.476206064224,-0.111302144527,1.06540083885,-0.0238907251478
48,0.486793994904,-0.111328296661,1.06460356712,-0.0224548555261
49,0.497818946838,-0.111338386536,1.06360197067,-0.0209554679702
50,0.508414030075,-0.111256546974,1.06172406673,-0.0194983487
51,0.515978097916,-0.111332187653,1.06172406673,-0.0184820929225
52,0.526081085205,-0.111255536079,1.05994725227,-0.0170949179756
53,0.536452054977,-0.111269099712,1.05904579163,-0.0156897578105
54,0.546384096146,-0.11126083374,1.05796992779,-0.0143436983873
55,0.556621074677,-0.111266095638,1.05699884892,-0.0129631634957
56,0.567301988602,-0.111189489365,1.05516469479,-0.0115140676165
57,0.576709032059,-0.111184198856,1.05417108536,-0.0102546038032
58,0.586884021759,-0.111188232899,1.05319392681,-0.00890108392722
59,0.597247123718,-0.111200323105,1.05227851868,-0.00753242572326
60,0.607614040375,-0.111110491753,1.05034351349,-0.00615491953413
61,0.617923021317,-0.111117510796,1.04938280582,-0.00481257787742
62,0.628627061844,-0.111125667095,1.04839396477,-0.00343107887235
63,0.639609098434,-0.111129450798,1.04733359814,-0.00202689026384
64,0.653177022934,-0.111066992283,1.04535222054,-0.000301834928703
65,0.657763004303,-0.11100972414,1.04432094097,0.000281705326898
66,0.667542934418,-0.111005587578,1.04330158234,0.0014956550781
67,0.677745103836,-0.110995659828,1.0421820879,0.00274743611863
68,0.687994003296,-0.111005225182,1.04125285149,0.00398477428628
69,0.69836306572,-0.111001806259,1.04018175602,0.00522066430688
70,0.708761930466,-0.110883016586,1.03795397282,0.00645974203656
71,0.719099998474,-0.110879955292,1.03688955307,0.00765237207933
72,0.729940891266,-0.110878703594,1.03579294682,0.00888014259349
73,0.738256931305,-0.110856626034,1.03474056721,0.00980902544431
74,0.748449087143,-0.11084995985,1.03365468979,0.0109241407426
75,0.758800029755,-0.110723967552,1.03135967255,0.0120515581625
76,0.769059896469,-0.110705330372,1.03014731407,0.0131282238799
77,0.779453992844,-0.110693078041,1.02898538113,0.0141925317221
78,0.790162086487,-0.110692834854,1.02791213989,0.0152595226916
79,0.8019759655,-0.110575296879,1.02555537224,0.0164198660517
80,0.80898809433,-0.110525279045,1.02435398102,0.017088299787
81,0.819103956223,-0.11051115036,1.02320110798,0.0180211677525
82,0.829297065735,-0.110484025478,1.02191054821,0.0189345615956
83,0.839533090591,-0.11046541214,1.02070081234,0.0198212417715
84,0.850071907043,-0.110330116749,1.01829397678,0.0207174555746
85,0.859618902206,-0.110305900574,1.01709711552,0.0214881667383
86,0.86993598938,-0.110286345482,1.01586985588,0.0222893724096
87,0.879869937897,-0.110248010159,1.0144931078,0.023032231797
88,0.890121936798,-0.110231034756,1.01329815388,0.0237637905165
89,0.900424957275,-0.110086312294,1.01082062721,0.0244791794658
90,0.910636901855,-0.110049982071,1.00943613052,0.0251420313299
91,0.921422958374,-0.110036046505,1.00821816921,0.025802182614
92,0.932236909866,-0.110014998913,1.00692629814,0.0264256216552
93,0.945792913437,-0.110003478527,1.00545549393,0.0271494848623
94,0.950441122055,-0.109796175957,1.00291764736,0.0274010656108
95,0.960510969162,-0.109756731987,1.00151622295,0.0278831091035
96,0.970736026764,-0.109725837708,1.0001847744,0.0283350621452
97,0.981158971786,-0.109700176716,0.99888586998,0.0287568176466
98,0.991589069366,-0.109527500868,0.996116101742,0.0291497440764
99,1.00120711327,-0.10949052453,0.994784533978,0.0294677631024
100,1.01151609421,-0.109458335638,0.99343174696,0.0297702589809
101,1.02186393738,-0.109416736364,0.991980969906,0.0300346940113
102,1.03234195709,-0.109391524792,0.990681052208,0.0302606849913
103,1.04195594788,-0.109211784601,0.987922251225,0.0304386916081
104,1.05188107491,-0.109174958467,0.986561477184,0.030578347206
105,1.06205701828,-0.109138357639,0.985177874565,0.0306824805604
106,1.07229399681,-0.109099565744,0.983766257763,0.0307472783572
107,1.08270406723,-0.109106069803,0.982790291309,0.0307707327185
108,1.09309005737,-0.108895717859,0.979648172855,0.0307569588603
109,1.10367202759,-0.10885818243,0.978214621544,0.0306958759725
110,1.11481404305,-0.108830133677,0.976819932461,0.0305846371694
111,1.12746596336,-0.108683681488,0.974090218544,0.0304001962805
112,1.13531208038,-0.108613661528,0.972605407238,0.0302540660485
113,1.14270591736,-0.1085942173,0.971671581268,0.0300946150939
114,1.15289306641,-0.108517125845,0.969881951809,0.0298397006388
115,1.16318011284,-0.108476849794,0.96845048666,0.0295419072683
116,1.17359995842,-0.108443295956,0.967072963715,0.0291988715698
117,1.18405294418,-0.108272482157,0.964319527149,0.0288088131614
118,1.19343996048,-0.108223080635,0.962886810303,0.0284253434956
119,1.20376396179,-0.108186410666,0.961487710476,0.0279654387931
120,1.21407008171,-0.108157322407,0.960166215897,0.0274664629512
121,1.22473812103,-0.107980642319,0.957332611084,0.0269004551541
122,1.23391008377,-0.107933977842,0.955948770046,0.0263845732709
123,1.2442009449,-0.10790274024,0.954607307911,0.0257698168202
124,1.25444889069,-0.107861846685,0.953173577785,0.0251183688718
125,1.26477599144,-0.107827013731,0.951792538166,0.0244236427196
126,1.27599310875,-0.107664157152,0.949042260647,0.0236158543985
127,1.28437709808,-0.107608087063,0.94764316082,0.0229873006718
128,1.29453396797,-0.107567689419,0.946223497391,0.0221947852409
129,1.30474901199,-0.107539132833,0.944916427135,0.0213625884877
130,1.31499791145,-0.107501205206,0.943512260914,0.0204908069068
131,1.32558488846,-0.107324084044,0.940682351589,0.019538898675
132,1.33489608765,-0.107285541296,0.939365804195,0.0186821289605
133,1.34508109093,-0.107243571281,0.937927603722,0.0177123589097
134,1.3553481102,-0.107208030224,0.936545491219,0.0167016398556
135,1.36585092545,-0.107177702188,0.93519192934,0.0156338960571
136,1.37613511086,-0.107009253502,0.932479023933,0.0145379737875
137,1.38673090935,-0.106970837116,0.931035280228,0.0133914277402
138,1.39793109894,-0.106943727732,0.929644167423,0.0121449885301
139,1.4104321003,-0.106806781292,0.92702460289,0.0106961935299
140,1.42009592056,-0.106763157845,0.925621986389,0.00955422986912
141,1.42593002319,-0.106683377028,0.924240767956,0.00884458418238
142,1.43595099449,-0.10665319562,0.922936856747,0.00761951372091
143,1.44610595703,-0.106619740725,0.921586811543,0.00635070050791
144,1.4564011097,-0.106583944559,0.920199334621,0.00503718600168
145,1.46715307236,-0.106555696726,0.918841660023,0.00363882503779
146,1.47647500038,-0.10638936758,0.916246175766,0.00238100299477
147,1.48663401604,-0.106353253126,0.914869129658,0.00101047050691
148,1.49691104889,-0.106318926811,0.913498163223,-0.000399087875765
149,1.50720405579,-0.106297330856,0.912252902985,-0.00183139371291
150,1.51772093773,-0.106144638062,0.909674286842,-0.0033402178236
151,1.52721309662,-0.106114574671,0.908424437046,-0.00470222477367
152,1.53748106956,-0.10609341383,0.907186031342,-0.00619263627018
153,1.54779696465,-0.106081047058,0.906030774117,-0.00770740349339
154,1.55873394012,-0.105936363935,0.903490245342,-0.0093574660488
155,1.56746792793,-0.105906664133,0.902319848537,-0.0106733223756
156,1.58211898804,-0.105935789347,0.901145994663,-0.0128914375689
157,1.59344100952,-0.105775209665,0.898407995701,-0.0146611036581
158,1.59770798683,-0.105817879438,0.898407995701,-0.0153125696051
159,1.60797309875,-0.105726583004,0.896468520164,-0.0169264279125
160,1.61812496185,-0.105721367598,0.89540117979,-0.0185177977751
161,1.62816405296,-0.105669701099,0.893880605698,-0.0201112326284
162,1.63831996918,-0.105692218542,0.893090188503,-0.0217180587998
163,1.64859509468,-0.105688605309,0.892026543617,-0.0233578166657
164,1.65912508965,-0.105574077368,0.889828264713,-0.0250687935683
165,1.66959095001,-0.105572520494,0.888766109943,-0.0267537928242
166,1.67855596542,-0.105555061102,0.887695014477,-0.0282051511918
167,1.6888730526,-0.105556474924,0.886677443981,-0.0298754192455
168,1.69923710823,-0.105450724363,0.88458353281,-0.0315790077829
169,1.70951390266,-0.10541236043,0.883172214031,-0.0332572309448
170,1.72011899948,-0.105453805923,0.882526159286,-0.0349739032015
171,1.73088502884,-0.105461336374,0.881524860859,-0.0367240972412
172,1.74327111244,-0.10540002346,0.87967312336,-0.0387510106694
173,1.75329709053,-0.105392780304,0.878598093987,-0.0403807977737
174,1.75932788849,-0.105353119373,0.877598404884,-0.0413670723926
175,1.76950907707,-0.105321917534,0.876268267632,-0.0430216177746
176,1.77980494499,-0.105374641418,0.875765919685,-0.0446725222991
177,1.79005694389,-0.105393947363,0.87493377924,-0.0463173462106
178,1.80037307739,-0.105307887793,0.873041570187,-0.0479871903106
179,1.81062507629,-0.105323343277,0.87217092514,-0.0496177559314
180,1.82122612,-0.10534730792,0.871350467205,-0.0512926388254
181,1.83221197128,-0.105376169682,0.870540499687,-0.053016025724
182,1.8440990448,-0.105332027674,0.868910372257,-0.0548815304303
183,1.8503549099,-0.105310823917,0.868072748184,-0.0558561974487
184,1.86044311523,-0.105331543684,0.867271125317,-0.057406428463
185,1.87073206902,-0.105356976986,0.866496562958,-0.0589725801993
186,1.88111901283,-0.105383205414,0.865720152855,-0.0605381084041
187,1.89152407646,-0.105342291594,0.864270508289,-0.0621031159414
188,1.901927948,-0.105378345251,0.863590657711,-0.0636349922366
189,1.91278290749,-0.105412365198,0.862845361233,-0.0652141194942
190,1.92434406281,-0.10538640976,0.861429691315,-0.0668844456431
191,1.93517804146,-0.105392551422,0.860407710075,-0.0684203821407
192,1.94165301323,-0.105427093506,0.860105633736,-0.06932118071
193,1.95136904716,-0.105462890863,0.859492003918,-0.0706595960312
194,1.96159911156,-0.105501617193,0.858856260777,-0.0720466493737
195,1.97177195549,-0.105539878607,0.858221590519,-0.0734027678541
196,1.98200011253,-0.105582311153,0.857623100281,-0.0747413017495
197,1.99224305153,-0.105575610399,0.85653179884,-0.0760655756994
198,2.00263595581,-0.10562921524,0.856028556824,-0.0773714704123
199,2.01329994202,-0.105678771734,0.855457723141,-0.0786836239889
200,2.02437806129,-0.105736790895,0.854930102825,-0.0800137019941
201,2.03790402412,-0.105772343874,0.853933036327,-0.0815983796838
202,2.04217100143,-0.105766119957,0.853444099426,-0.0820906358025
203,2.05239605904,-0.105821598768,0.852976381779,-0.0832367307917
204,2.06266689301,-0.105881624222,0.852549552917,-0.0843564351572
205,2.07304596901,-0.105944186449,0.85213726759,-0.0854555362393
206,2.08391904831,-0.106009346247,0.851701557636,-0.0865716265398
207,2.09297204018,-0.106021966934,0.850922465324,-0.0874794697104
208,2.10309004784,-0.106087926626,0.850570261478,-0.0884546399128
209,2.11322689056,-0.106154164076,0.850218951702,-0.0893982622861
210,2.12350201607,-0.106221987009,0.849869668484,-0.0903199708397
211,2.13385391235,-0.106258516312,0.849199771881,-0.0912175433738
212,2.14421796799,-0.106370239258,0.849280595779,-0.0920678865685
213,2.15487003326,-0.10640873909,0.848600387573,-0.0929145806836
214,2.16660094261,-0.106464095116,0.847980856895,-0.0937985817449
215,2.17804098129,-0.1065828228,0.848024129868,-0.0946037174714
216,2.18369007111,-0.106603217125,0.847663164139,-0.0949893215803
217,2.19390797615,-0.106676923037,0.847378432751,-0.0956517669201
218,2.20405912399,-0.106750873327,0.847102820873,-0.0962715133653
219,2.2142329216,-0.10682060957,0.846782803535,-0.096854548699
220,2.22479200363,-0.106871286631,0.846233665943,-0.097421136481
221,2.23428797722,-0.106940598488,0.845977187157,-0.0978911365553
222,2.2444729805,-0.107022379637,0.845776498318,-0.0983557160787
223,2.25472903252,-0.107102576494,0.845552861691,-0.0987831793465
224,2.26513290405,-0.107181348801,0.845300197601,-0.099175143417
225,2.27578997612,-0.107231873274,0.844739735126,-0.0995360915134
226,2.2848649025,-0.107296873331,0.844482243061,-0.0998053185814
227,2.29515194893,-0.10736951828,0.844179987907,-0.100070976262
228,2.30539107323,-0.107446744442,0.843928337097,-0.100292816288
229,2.31573605537,-0.107523789406,0.843664288521,-0.100474313386
230,2.32622408867,-0.107497897148,0.842356562614,-0.100625072934
231,2.33676409721,-0.107617506981,0.842498660088,-0.100716539823
232,2.34777092934,-0.107704460621,0.842267513275,-0.100767955057
233,2.36116099358,-0.107832895517,0.842212855816,-0.100762139852
234,2.37013411522,-0.107902390957,0.842010498047,-0.100719115423
235,2.37584590912,-0.107941108942,0.841826498508,-0.100675186432
236,2.38593506813,-0.108019183874,0.841598331928,-0.100564342312
237,2.3962290287,-0.108101047277,0.841387569904,-0.100408491616
238,2.40649795532,-0.108184257746,0.841192781925,-0.100210123816
239,2.41699695587,-0.108255529404,0.84085559845,-0.0999642972889
240,2.42732596397,-0.108342136145,0.840688765049,-0.0996777927408
241,2.43789410591,-0.108429757357,0.840508162975,-0.0993403762472
242,2.44892692566,-0.108521435261,0.840321660042,-0.0989404414651
243,2.46193909645,-0.108620145321,0.840007543564,-0.0984070856421
244,2.47021508217,-0.108687455654,0.839853048325,-0.0980326923261
245,2.47692894936,-0.108741838932,0.839725494385,-0.0977091685985
246,2.48720002174,-0.108834512234,0.839625120163,-0.0971795665047
247,2.49744701385,-0.108928595781,0.839541256428,-0.0966102802363
248,2.50803303719,-0.109019048214,0.839387178421,-0.0959799807364
249,2.5175139904,-0.109106711149,0.839315712452,-0.0953787937101
250,2.52771306038,-0.109199463129,0.839223325253,-0.094694130916
251,2.53799796104,-0.109293979406,0.839139997959,-0.093964154518
252,2.54842400551,-0.109394961596,0.839107215405,-0.093183922038
253,2.55899500847,-0.109487016201,0.838970661163,-0.0923524819348
254,2.56966495514,-0.109590049982,0.838934004307,-0.09147190604
255,2.57816410065,-0.109670052528,0.838884115219,-0.0907414174878
256,2.58845591545,-0.109767475128,0.838829159737,-0.0898227168593
257,2.59873795509,-0.109865801334,0.838784217834,-0.0888680597643
258,2.6090490818,-0.109952688217,0.838621973991,-0.0878744775362
259,2.61959195137,-0.110056912899,0.838609933853,-0.0868212817338
260,2.62879395485,-0.110139449835,0.838515102863,-0.0858719964492
261,2.6390581131,-0.110241185427,0.838506042957,-0.0847805404897
262,2.64956092834,-0.110339764357,0.838441550732,-0.0836288679502
263,2.65918898582,-0.110423289537,0.838313996792,-0.0825427027169
264,2.66947603226,-0.110519239902,0.838244795799,-0.0813507483046
265,2.6797940731,-0.110613723993,0.838157832623,-0.0801232422328
266,2.69008493423,-0.110710564852,0.838097155094,-0.0788678744402
267,2.70061993599,-0.110798885822,0.837926864624,-0.0775511097409
268,2.71124696732,-0.110896912813,0.8378444314,-0.0761916220324
269,2.72272706032,-0.111001199484,0.837739288807,-0.0746885739499
270,2.73485898972,-0.111106950045,0.837583601475,-0.0730624350523
271,2.74004602432,-0.111158820391,0.837583601475,-0.0723559300821
272,2.75013899803,-0.111240313053,0.837389230728,-0.0709613859288
273,2.76031589508,-0.111328480244,0.837253212929,-0.0695305273899
274,2.77057504654,-0.111424282789,0.837185323238,-0.0680639505549
275,2.78091311455,-0.111518800259,0.837096691132,-0.0665620871812
276,2.7915790081,-0.111600466967,0.836846768856,-0.0649875530242
277,2.80206799507,-0.111694705486,0.836740255356,-0.063416847438
278,2.81360006332,-0.111797896624,0.836618959904,-0.0616648072609
279,2.8258330822,-0.111905558109,0.836472272873,-0.0597788598891
280,2.8308570385,-0.111943745613,0.836351752281,-0.0589961339742
281,2.84125304222,-0.112022999525,0.836104691029,-0.057362683589
282,2.85110402107,-0.112106012106,0.835949718952,-0.0557990936088
283,2.86139392853,-0.112193866968,0.835799276829,-0.0541499373721
284,2.87178707123,-0.112277532816,0.835596621037,-0.0524682481026
285,2.88209199905,-0.112360680103,0.835397601128,-0.0507864061423
286,2.89290308952,-0.112423038483,0.834940075874,-0.0490053331783
287,2.9016430378,-0.112487847805,0.834714174271,-0.0475567962867
288,2.91180992126,-0.112567391396,0.834492921829,-0.0458619047482
289,2.92208909988,-0.112604337931,0.833834469318,-0.0441335817933
290,2.93247389793,-0.112715654373,0.833909153938,-0.0423857752553
291,2.94273090363,-0.112763578892,0.833362698555,-0.0406446619455
292,2.95325708389,-0.112835509777,0.833029389381,-0.038852931981
293,2.96406793594,-0.112912218571,0.832715392113,-0.0370065234745
294,2.97652411461,-0.112999318838,0.83234077692,-0.034872365717
295,2.98270010948,-0.112998666763,0.831716656685,-0.0338066604345
296,2.99264597893,-0.113059483767,0.831330239773,-0.0320959356655
297,3.00806999207,-0.113127952814,0.830472528934,-0.0294363462589
298,3.01284503937,-0.113175703287,0.830472528934,-0.0286162507758
299,3.02294206619,-0.113239557743,0.830101370811,-0.0268774804328
300,3.03332805634,-0.113185584545,0.828523039818,-0.025073259751
301,3.04308199883,-0.113243415356,0.828125953674,-0.0233962435714
302,3.05781292915,-0.113424222469,0.828460931778,-0.0208838649324
303,3.06880307198,-0.113443340063,0.827553093433,-0.0189988741787
304,3.07336211205,-0.113488930464,0.827553093433,-0.0182246850919
305,3.08347702026,-0.113490927219,0.826561570168,-0.0164964569894
306,3.09379005432,-0.113547208309,0.82609307766,-0.014750553218
307,3.10400605202,-0.113591516018,0.825514554977,-0.0130280328825
308,3.11437392235,-0.113641526699,0.824977874756,-0.011290758745
309,3.12535691261,-0.113642923832,0.823893547058,-0.00945398998198
310,3.13390898705,-0.113672058582,0.823329687119,-0.00803792625789
311,3.1485710144,-0.113758829832,0.82273119688,-0.0056378710438
312,3.15932202339,-0.113749759197,0.821565389633,-0.00388398972118
313,3.16930007935,-0.113790793419,0.820977926254,-0.00228011718278
314,3.17728996277,-0.113803893328,0.820309937,-0.00100357437384
315,3.18429303169,-0.113811941147,0.819690108299,0.000107291140374
316,3.19449210167,-0.113843574524,0.818986535072,0.00170637289693
317,3.20467209816,-0.113872430325,0.81825709343,0.00328412113113
318,3.2149040699,-0.113907009363,0.817579686642,0.00484893181072
319,3.22520208359,-0.113787175417,0.815351545811,0.00643146694841
320,3.23551893234,-0.113907408714,0.815522193909,0.00794980624547
321,3.24608111382,-0.113942047358,0.814812362194,0.00949653643737
322,3.25721812248,-0.113970668316,0.813984870911,0.0111012619278
323,3.26978802681,-0.113925123215,0.812272429466,0.0128916665225
324,3.27522802353,-0.1138986516,0.811463713646,0.0136557140565
325,3.28557491302,-0.11391903758,0.810632884502,0.0150746009931
326,3.29585289955,-0.11394205451,0.809835255146,0.0164556483593
327,3.30622506142,-0.113961292505,0.808990418911,0.0178210456584
328,3.31698894501,-0.113893347979,0.807234585285,0.0192229688221
329,3.32747006416,-0.113901450634,0.806267499924,0.0205417494702
330,3.33906197548,-0.113919200897,0.805285811424,0.0219606231067
331,3.3510529995,-0.113844394684,0.803338646889,0.0234027793058
332,3.35617208481,-0.113895585537,0.803338646889,0.0239890004525
333,3.36647605896,-0.113795599937,0.801308393478,0.0251818594172
334,3.37670493126,-0.113795064688,0.800280153751,0.0263131564323
335,3.3870909214,-0.113792530298,0.799216210842,0.0274265304134
336,3.39744591713,-0.11379630208,0.798218429089,0.0284988844864
337,3.40840411186,-0.113680626154,0.795965850353,0.029614937862
338,3.41688108444,-0.11365453124,0.79485720396,0.0304374266787
339,3.42716598511,-0.113646110296,0.793744504452,0.031396367187
340,3.43749499321,-0.11363675952,0.792618095875,0.0323206146913
341,3.44793605804,-0.113621513844,0.791421532631,0.0332155546355
342,3.45888805389,-0.113476241827,0.788873612881,0.0341320134814
343,3.46737504005,-0.113448870182,0.787751197815,0.0347957192482
344,3.47770190239,-0.113422707319,0.786456882954,0.0355642585501
345,3.48786091805,-0.11339461565,0.785160064697,0.0362796581222
346,3.4981470108,-0.113370733261,0.783892631531,0.0369612956389
347,3.50905704498,-0.11322609663,0.781355261803,0.0376560468633
348,3.51809501648,-0.113182467222,0.780015170574,0.0381825737323
349,3.5282869339,-0.11315161705,0.778687477112,0.03873304955
350,3.53839707375,-0.113116229773,0.777322590351,0.0392370536056
351,3.54871296883,-0.113092186451,0.776050567627,0.0397053341353
352,3.55903410912,-0.112911030054,0.773206889629,0.0401499943819
353,3.56950712204,-0.112890745401,0.77195674181,0.0405321040319
354,3.58013296127,-0.112858786583,0.770574569702,0.040873154375
355,3.59156489372,-0.112827676535,0.769120275974,0.0411851730209
356,3.60142612457,-0.112643119097,0.76628857851,0.0414268772378
357,3.60910511017,-0.112578389645,0.764873385429,0.0415758562113
358,3.61920809746,-0.11245372653,0.762616455555,0.0417361564309
359,3.62947297096,-0.112489176989,0.76194447279,0.0418358513527
360,3.63985896111,-0.112446284294,0.760476946831,0.041897610726
361,3.65074801445,-0.112264953852,0.757574737072,0.0419231684129
362,3.65974092484,-0.112202450037,0.756050407887,0.0418960639768
363,3.66991710663,-0.112156594992,0.754574239254,0.0418198343298
364,3.67997097969,-0.111964963675,0.751652538776,0.0417097666997
365,3.69017100334,-0.112066963911,0.751652538776,0.0415309771448
366,3.70080709457,-0.111871689558,0.748636186123,0.0413151777514
367,3.71018695831,-0.111821709871,0.747198402882,0.041075097354
368,3.72035503387,-0.111777377129,0.745738267899,0.0407703046169
369,3.73056697845,-0.111726533175,0.7442086339,0.0404185674847
370,3.74107694626,-0.111459205151,0.74048435688,0.0400159962484
371,3.7512319088,-0.111501358747,0.739890396595,0.039570040148
372,3.76186609268,-0.111452454329,0.738337934017,0.0390580204178
373,3.77091789246,-0.11139763236,0.736884534359,0.0385837964964
374,3.78116893768,-0.111357467175,0.735457777977,0.0380037618167
375,3.79149007797,-0.111161803007,0.732469022274,0.0373747986021
376,3.80199193954,-0.111118793488,0.730988740921,0.0366871382167
377,3.81171298027,-0.111074472666,0.729573428631,0.0360092587921
378,3.82143306732,-0.110877763033,0.726634323597,0.0352893214324
379,3.83160209656,-0.110979453325,0.726634323597,0.0344998531548
380,3.84175491333,-0.110796107054,0.723785579205,0.0336626041258
381,3.85178804398,-0.110754162073,0.722362816334,0.032797758023
382,3.86194205284,-0.110703585148,0.720841646194,0.0318812752841
383,3.8718791008,-0.110658128262,0.719393372536,0.0309451952855
384,3.88192009926,-0.11062255621,0.71803355217,0.0299609347098
385,3.89204907417,-0.110445212126,0.71524721384,0.0289200006618
386,3.90214109421,-0.11039591074,0.713744997978,0.0278516807297
387,3.91235995293,-0.110361360312,0.712377607822,0.0267325939459
388,3.92264604568,-0.110326135159,0.710996747017,0.0255678371923
389,3.93356609344,-0.110152893066,0.70817232132,0.0242776898028
390,3.94263100624,-0.110020596981,0.705942869186,0.0231747357662
391,3.95273709297,-0.109984215498,0.704568445683,0.0219221485164
392,3.96298003197,-0.110035068989,0.704052686691,0.0206273360411
393,3.97324705124,-0.110003014803,0.702705442905,0.019286457205
394,3.98389291763,-0.109736956358,0.698980271816,0.0178319619149
395,3.99327397346,-0.109780162573,0.698474228382,0.0165543736774
396,4.00337004662,-0.109741553068,0.69707852602,0.0151390827948
397,4.01364898682,-0.10970446825,0.695679783821,0.0136675778033
398,4.02410197258,-0.109667466879,0.694264471531,0.0121402774249
399,4.0343298912,-0.109508045912,0.691647469997,0.0105977142413
400,4.04481291771,-0.109478396177,0.690302670002,0.00900743025157
401,4.05574798584,-0.109453165531,0.688956856728,0.00731941960899
402,4.06871390343,-0.109307767153,0.686206281185,0.00525991377896
403,4.07403111458,-0.109360939264,0.686206281185,0.00442315662449
404,4.08432793617,-0.109207577705,0.683642983437,0.00273917135706
405,4.0945649147,-0.109102076292,0.68156427145,0.00104933441468
406,4.10486412048,-0.10906571269,0.680170714855,-0.000660308663071
407,4.11518406868,-0.109122778177,0.679709374905,-0.00237618091473
408,4.12594604492,-0.108899872303,0.676404118538,-0.00424304033353
409,4.13661789894,-0.108979154825,0.676129758358,-0.00605418845182
410,4.14915108681,-0.108969488144,0.674779772758,-0.00822571566297
411,4.16048693657,-0.108947228193,0.673423588276,-0.0102131418351
412,4.16504192352,-0.108876036406,0.672256171703,-0.0110305863869
413,4.17520999908,-0.108738160133,0.669860601425,-0.0128614196593
414,4.1854839325,-0.108710508347,0.668556690216,-0.0146996892736
415,4.19572997093,-0.108686410189,0.667291104794,-0.0165439683244
416,4.20605111122,-0.108682976961,0.666224658489,-0.0184075002148
417,4.21685695648,-0.108674055338,0.665054857731,-0.0203698111279
418,4.22587490082,-0.108519128561,0.662603795528,-0.0220504167499
419,4.24048900604,-0.108545964956,0.661410748959,-0.0247174244586
420,4.25150704384,-0.108421350718,0.659062802792,-0.0267717844943
421,4.26112604141,-0.108401532173,0.65790271759,-0.0285467867023
422,4.27209210396,-0.108407975435,0.656870543957,-0.0305657004776
423,4.27629709244,-0.108333718777,0.655707478523,-0.0313603889303
424,4.28637290001,-0.108322300911,0.654585719109,-0.033221684558
425,4.29646492004,-0.108306199312,0.653415501118,-0.0350868673918
426,4.30672097206,-0.108300309181,0.652330994606,-0.0369779848248
427,4.31731200218,-0.108209160566,0.650360405445,-0.0389510383283
428,4.32668304443,-0.108196548223,0.649297177792,-0.0406748512798
429,4.33689808846,-0.108185360432,0.648163795471,-0.0425481950174
430,4.34721302986,-0.10818205595,0.647099256516,-0.0444310976643
431,4.35752606392,-0.108194509745,0.646192491055,-0.0463013739495
432,4.36787605286,-0.108120399714,0.64441639185,-0.0481936764737
433,4.37841010094,-0.108121032715,0.643369317055,-0.0500875262251
434,4.38916897774,-0.108124331236,0.642326414585,-0.0520085135051
435,4.40148591995,-0.1080717206,0.640568614006,-0.0542066177241
436,4.41047310829,-0.108085739613,0.639810085297,-0.0557826319597
437,4.41773295403,-0.1080740273,0.638966977596,-0.0570538874382
438,4.42776703835,-0.108087291718,0.638096213341,-0.0587890338027
439,4.43794989586,-0.108101066351,0.637215673923,-0.0605329193981
440,4.44819092751,-0.108116972446,0.636350631714,-0.0622678581114
441,4.4586648941,-0.108071162701,0.634845137596,-0.0640403397167
442,4.46838998795,-0.108100184202,0.634162843227,-0.0656457594751
443,4.47863888741,-0.108127774,0.633413851261,-0.067317291708
444,4.48900699615,-0.108156263828,0.632661938667,-0.068984813278
445,4.49963092804,-0.108030438423,0.630341291428,-0.070713854691
446,4.51011300087,-0.108160573244,0.630594432354,-0.0723182635371
447,4.52120709419,-0.108209429979,0.629973590374,-0.0740127280431
448,4.53384900093,-0.108194913864,0.628564238548,-0.0759253617645
449,4.54392290115,-0.10822961688,0.627903878689,-0.0774047444916
450,4.55131196976,-0.108241685629,0.627285659313,-0.0784757305664
451,4.55904603004,-0.108266168833,0.626757085323,-0.0795763684438
452,4.56935310364,-0.108322241306,0.626287102699,-0.0810087602819
453,4.57943296432,-0.108369991779,0.625756621361,-0.0823804701463
454,4.58972811699,-0.108425337076,0.625280559063,-0.0837467678881
455,4.60014605522,-0.108425762653,0.624243021011,-0.0851111093988
456,4.61048293114,-0.108472578526,0.623677492142,-0.0864157990008
457,4.6211950779,-0.108519153595,0.62307202816,-0.087730334737
458,4.63278794289,-0.108589007854,0.622611284256,-0.0891025021399
459,4.64548301697,-0.10862465024,0.621698200703,-0.0905623248112
460,4.65010404587,-0.108633852005,0.621328115463,-0.0910802974985
461,4.66022109985,-0.108696559668,0.620943486691,-0.0921745295909
462,4.67036604881,-0.108757317066,0.620536565781,-0.0932339832587
463,4.6806371212,-0.108821982145,0.620156109333,-0.0942658202808
464,4.69118595123,-0.108853513002,0.619416534901,-0.0952930153348
465,4.70060896873,-0.108832437992,0.618263483047,-0.0961873999638
466,4.71091008186,-0.108979496956,0.618703961372,-0.0970765458697
467,4.72123908997,-0.108971141577,0.617587506771,-0.0979688029972
468,4.73173809052,-0.109127075672,0.61809694767,-0.0987849755129
469,4.74245405197,-0.109181413651,0.617568731308,-0.0996000775247
470,4.75339794159,-0.109262766838,0.617287874222,-0.100375530575
471,4.76433706284,-0.109321535826,0.616781651974,-0.101105932241
472,4.77130889893,-0.109391254187,0.616781651974,-0.101535863343
473,4.78160405159,-0.10947542429,0.616593837738,-0.102137417796
474,4.7920460701,-0.109536702633,0.616162419319,-0.102706809145
475,4.80218291283,-0.109620857239,0.615990281105,-0.103207112323
476,4.81259202957,-0.109703836441,0.615779161453,-0.103674445432
477,4.82326698303,-0.109792746305,0.615600764751,-0.104102586737
478,4.83461904526,-0.109870826006,0.615246355534,-0.104506095484
479,4.84670805931,-0.109977488518,0.615104079247,-0.104865877241
480,4.85701799393,-0.11006809473,0.614979147911,-0.105120551791
481,4.86736106873,-0.110147612095,0.614740014076,-0.105330354318
482,4.87703609467,-0.110234068632,0.614637076855,-0.105479463921
483,4.88263010979,-0.110187858343,0.613615572453,-0.10556958467
484,4.8926179409,-0.110367207527,0.614410281181,-0.105631229226
485,4.90270709991,-0.110455796719,0.614287257195,-0.105669670487
486,4.91297698021,-0.110548070669,0.614183008671,-0.105660444708
487,4.92332696915,-0.110642403364,0.614091336727,-0.105601998622
488,4.93350291252,-0.110721447468,0.613864183426,-0.105499908677
489,4.94321107864,-0.110806161165,0.613740503788,-0.105356253234
490,4.95330500603,-0.110895966291,0.613629162312,-0.105160928926
491,4.96350002289,-0.11099085927,0.613558590412,-0.104915702177
492,4.97378396988,-0.111086134911,0.613482952118,-0.104620729735
493,4.98444509506,-0.111174632311,0.613301813602,-0.104266718504
494,4.99363493919,-0.111259276867,0.61322927475,-0.10391879739
495,5.00372600555,-0.111354519129,0.613172590733,-0.103492812997
496,5.0139799118,-0.111448707581,0.613089084625,-0.103014134196
497,5.02433109283,-0.111538552046,0.612952411175,-0.102484849119
498,5.03460693359,-0.111632620096,0.612865507603,-0.101911997766
499,5.04520511627,-0.111731729507,0.612796783447,-0.101272699799
500,5.05591607094,-0.111832711697,0.612735509872,-0.100577299502
501,5.06846690178,-0.111939152479,0.612544834614,-0.09970231926
502,5.07947611809,-0.112040929794,0.612461686134,-0.0988786389622
503,5.08893895149,-0.112126784325,0.612373948097,-0.0981305882437
504,5.09906291962,-0.112216866016,0.612262368202,-0.0972897418922
505,5.10966897011,-0.112301689386,0.612049996853,-0.0963656254093
506,5.11820197105,-0.11237745285,0.611954331398,-0.0955881384019
507,5.12482404709,-0.112432837486,0.611845970154,-0.0949653567539
508,5.13492894173,-0.112520153522,0.611708641052,-0.093981457404
509,5.14504408836,-0.112610248327,0.611598074436,-0.0929566234672
510,5.15528011322,-0.11269944191,0.611466407776,-0.0918801837785
511,5.16558408737,-0.112785673141,0.611298322678,-0.0907574651381
512,5.17609906197,-0.112864686251,0.61103695631,-0.0895726061736
513,5.18672299385,-0.112962992191,0.610957622528,-0.0883327831468
514,5.19784903526,-0.113061890602,0.610834002495,-0.0869922385259
515,5.21010398865,-0.113157445192,0.610564053059,-0.0854677655894
516,5.21561789513,-0.113212584257,0.610564053059,-0.0847641097433
517,5.22577905655,-0.113289644718,0.610318541527,-0.0834435305364
518,5.2360200882,-0.113376587629,0.610163867474,-0.0820779077333
519,5.24623799324,-0.113466905355,0.61004525423,-0.0806821736483
520,5.25651097298,-0.113552802801,0.609876930714,-0.0792470797893
521,5.26708102226,-0.113622949123,0.609521389008,-0.077738926699
522,5.27756905556,-0.113709095716,0.609334051609,-0.076209338569
523,5.28857493401,-0.113801136017,0.609153866768,-0.0745710751988
524,5.30105400085,-0.113888399601,0.608778595924,-0.0726748897026
525,5.31022906303,-0.113957488537,0.608551979065,-0.0712546251065
526,5.31669998169,-0.114001973867,0.608349740505,-0.0702403791715
527,5.32677006721,-0.114079953432,0.608122527599,-0.0686413909759
528,5.33704710007,-0.11412996769,0.607594966888,-0.0669857410904
529,5.34702801704,-0.114229776859,0.607594966888,-0.0653537719345
530,5.35731196404,-0.114211654663,0.606385350227,-0.0636515489869
531,5.36764597893,-0.11424952507,0.605730652809,-0.0619176619014
532,5.37793111801,-0.11432169199,0.605423808098,-0.0601709184159
533,5.38840007782,-0.114398438931,0.605144381523,-0.0583729297194
534,5.39956092834,-0.114524888992,0.605292797089,-0.0564359152141
535,5.41132807732,-0.114610284567,0.604970037937,-0.0543714130993
536,5.42194604874,-0.114684462547,0.604650020599,-0.0524906103533
537,5.4278409481,-0.114710652828,0.604322433472,-0.0514390839524
538,5.43781805038,-0.114777265787,0.603990852833,-0.0496496421759
539,5.44805407524,-0.1148414433,0.603609025478,-0.0478009394537
540,5.45837402344,-0.114855444431,0.602717041969,-0.0459225425504
541,5.46864891052,-0.114911469221,0.602249801159,-0.044043578684
542,5.47903299332,-0.114964652061,0.601743221283,-0.0421347434619
543,5.48962903023,-0.114934350252,0.600380599499,-0.0401719339083
544,5.50138807297,-0.115044180155,0.600302994251,-0.0379951514251
545,5.51131105423,-0.115099469423,0.59986358881,-0.0361496149376
546,5.5187869072,-0.115129005909,0.59941136837,-0.0347552476338
547,5.52892208099,-0.115184944868,0.598957240582,-0.0328632327177
548,5.53915905952,-0.115231369734,0.598397791386,-0.0309487200698
549,5.54955101013,-0.115217534304,0.597220242023,-0.0289971208878
550,5.55984401703,-0.115248450041,0.596500098705,-0.0270683419554
551,5.57023501396,-0.115289399624,0.595870494843,-0.0251232495406
552,5.58087992668,-0.115335296392,0.595264971256,-0.0231334523097
553,5.59315896034,-0.115342680216,0.594110906124,-0.0208367827714
554,5.59973597527,-0.115351516008,0.593541562557,-0.019609793932
555,5.6097509861,-0.115385582447,0.592880725861,-0.0177486936535
556,5.61996889114,-0.115420324802,0.59220635891,-0.0158565005223
557,5.6299290657,-0.115441921949,0.591426312923,-0.0140176876556
558,5.64014101028,-0.115467336178,0.59065926075,-0.0121416605158
559,5.65036296844,-0.115425550938,0.589219212532,-0.0102628168209
560,5.6607260704,-0.115458037853,0.588507771492,-0.0083814852602
561,5.67112994194,-0.115492720604,0.587814211845,-0.00650600021001
562,5.68199396133,-0.115454572439,0.586346328259,-0.00454937984334
563,5.69392204285,-0.115477585793,0.585383653641,-0.0024316261849
564,5.70055007935,-0.115375524759,0.583700239658,-0.00124275061552
565,5.71070289612,-0.115406367779,0.582993388176,0.00053005822568
566,5.72100901604,-0.115512641668,0.583025515079,0.00229689004717
567,5.73132610321,-0.115530720949,0.582174599171,0.00406312631646
568,5.74175691605,-0.115482530594,0.580649614334,0.0058414758018
569,5.7524061203,-0.11548511982,0.579610586166,0.00762413538048
570,5.76340198517,-0.115414261818,0.577802419662,0.00945491763999
571,5.77645206451,-0.11546698451,0.577024638653,0.0115640806979
572,5.78531908989,-0.115387730598,0.575345396996,0.0129989472066
573,5.79154205322,-0.115447033644,0.575316131115,0.0139698125915
574,5.8015100956,-0.115362958908,0.573478579521,0.0155435578299
575,5.81646800041,-0.115409719944,0.572450399399,0.0178186421331
576,5.82608699799,-0.115413057804,0.571521878242,0.0192554153169
577,5.83176708221,-0.115377358198,0.57059687376,0.0201001301054
578,5.84186792374,-0.11528827548,0.568695962429,0.0215852749932
579,5.85204195976,-0.115285284519,0.567648649216,0.0230311271653
580,5.86227703094,-0.115275685787,0.566529154778,0.0244553595758
581,5.87252807617,-0.115354807377,0.566295266151,0.0258284743669
582,5.88316607475,-0.115266923904,0.564352631569,0.0272569356843
583,5.89249110222,-0.115169284344,0.562443733215,0.0284832804668
584,5.9027030468,-0.115158238411,0.56131207943,0.0297704119245
585,5.9130730629,-0.115136613846,0.560058832169,0.0310430568885
586,5.92355895042,-0.115215079784,0.559794902802,0.0322680083624
587,5.93320703506,-0.115010586977,0.556785166264,0.0334244005332
588,5.94324302673,-0.114999784231,0.555673539639,0.0345440857815
589,5.95349192619,-0.114977300167,0.554423809052,0.0356512737376
590,5.96376490593,-0.115044744015,0.554070949554,0.0367002128869
591,5.97437000275,-0.115037438869,0.55293738842,0.0377579513736
592,5.98364710808,-0.114805805683,0.549693346024,0.0386981755381
593,5.99390912056,-0.114787464142,0.548483729362,0.0396437771728
594,6.00430798531,-0.114849056005,0.548059761524,0.0405404918661
595,6.01462006569,-0.114824754,0.546785533428,0.041405054509
596,6.02540493011,-0.114596015215,0.543419659138,0.0423063668021
597,6.03602409363,-0.114664906263,0.543046653271,0.0430812577119
598,6.04821205139,-0.114658129215,0.541760087013,0.0439300945248
599,6.05940294266,-0.114421470165,0.538274407387,0.0447013592311
600,6.06817412376,-0.114472453594,0.537907123566,0.0452177519822
601,6.0746409893,-0.114400633574,0.536542236805,0.0455993842316
602,6.08459091187,-0.114367953539,0.535220444202,0.0461342136091
603,6.09484696388,-0.114338525534,0.533900558949,0.0466383057953
604,6.10517907143,-0.114311717749,0.532599270344,0.04709768954
605,6.11547493935,-0.114190914631,0.530361652374,0.0475251365681
606,6.12601399422,-0.11411305666,0.528529167175,0.0479033165541
607,6.13674497604,-0.114079329967,0.527118802071,0.0482273994575
608,6.14823102951,-0.113969564438,0.524872541428,0.0485282279662
609,6.1608300209,-0.113965878487,0.523575782776,0.048767351608
610,6.16558790207,-0.113966006041,0.523101270199,0.0488383051956
611,6.17555189133,-0.113778631687,0.520231127739,0.0489830448234
612,6.1903090477,-0.113704640865,0.518015503883,0.049078142258
613,6.20137810707,-0.113626974821,0.516131937504,0.0490854787582
614,6.20583295822,-0.113671523333,0.516131937504,0.0490612024423
615,6.21602010727,-0.113402576447,0.512423753738,0.0490227089141
616,6.22614908218,-0.113363902569,0.51102411747,0.0489034573475
617,6.23645710945,-0.113404439688,0.510398685932,0.0487226938349
618,6.24665689468,-0.11326761961,0.50801050663,0.0485166713131
619,6.25710010529,-0.113238441944,0.506674408913,0.048241622252
620,6.26779603958,-0.113132743835,0.504547834396,0.047915198383
621,6.27881002426,-0.11300853014,0.502204298973,0.0475239471889
622,6.29121398926,-0.112997231483,0.500850915909,0.0470032059124
623,6.30180692673,-0.112883353829,0.498652845621,0.0465112629716
624,6.30677604675,-0.11293304503,0.498652845621,0.0462543531169
625,6.31690096855,-0.112652139068,0.494831293821,0.0457243558195
626,6.32721495628,-0.112715698481,0.494435489178,0.0451110815207
627,6.33746194839,-0.112653644681,0.49279025197,0.0444626305795
628,6.34779310226,-0.112506163716,0.490282326937,0.0437649498915
629,6.35854291916,-0.112432663441,0.488472342491,0.0429837346276
630,6.36905193329,-0.112368044257,0.486775249243,0.042170118337
631,6.38061690331,-0.112319492102,0.485133230686,0.0412181725897
632,6.3930850029,-0.112170930505,0.482400804758,0.0401286035054
633,6.39765310287,-0.112216611505,0.482400804758,0.0397113356719
634,6.40802788734,-0.111998506188,0.479182273149,0.0387332729932
635,6.41793203354,-0.111957849264,0.477785289288,0.037755995439
636,6.42822408676,-0.111822050214,0.475398093462,0.0366962542363
637,6.43847799301,-0.111833447814,0.474486678839,0.0355993960205
638,6.44881606102,-0.111791148782,0.473029881716,0.0344501263818
639,6.45989894867,-0.111530134082,0.469311445951,0.0331628815781
640,6.4684419632,-0.111527969241,0.468435496092,0.0321447198525
641,6.47853899002,-0.111479018927,0.466936290264,0.0309035344578
642,6.48885703087,-0.111454049349,0.465654790401,0.0295971485675
643,6.49904489517,-0.111308431625,0.463179826736,0.0282607328542
644,6.5094408989,-0.111194453239,0.461000442505,0.0268594895056
645,6.51990795135,-0.111156141162,0.459570616484,0.0254156517092
646,6.53049302101,-0.111023632884,0.457187026739,0.0239084353834
647,6.54221510887,-0.110935426354,0.455132752657,0.0221998389633
648,6.55153489113,-0.110878837705,0.453634887934,0.0208103516669
649,6.55936002731,-0.110716700554,0.451231002808,0.0196087332834
650,6.56956005096,-0.110686366558,0.449907660484,0.0180340959497
651,6.57967305183,-0.110725090504,0.449283599854,0.0164510404229
652,6.58994197845,-0.110586765409,0.44687345624,0.0147893012443
653,6.60027098656,-0.110426596999,0.444238871336,0.0130829997583
654,6.61001300812,-0.110468140841,0.443680107594,0.0114749002226
655,6.62033009529,-0.110418235064,0.442149341106,0.00973045989468
656,6.63058900833,-0.110382547379,0.440766572952,0.00797110095753
657,6.64115691185,-0.110154321194,0.437427520752,0.00609802201293
658,6.65154790878,-0.110109359622,0.435938805342,0.00426098537259
659,6.66284704208,-0.110044234395,0.434157639742,0.00223273997996
660,6.67530608177,-0.109961227775,0.432081669569,-3.77935220326e-05
661,6.68517208099,-0.109939990044,0.430882692337,-0.00184913231251
662,6.69074606895,-0.109853438735,0.429459780455,-0.00289627683563
663,6.70071196556,-0.10991971314,0.429125934839,-0.00473594042123
664,6.71105098724,-0.109899677038,0.427891671658,-0.00668105197625
665,6.72129201889,-0.109887062311,0.426741421223,-0.00862291450877
666,6.73166704178,-0.109780473709,0.424638032913,-0.0106281189441
667,6.74261403084,-0.109643496275,0.422173559666,-0.0127670020984
668,6.75137591362,-0.109713075757,0.421993166208,-0.0144465633992
669,6.76158189774,-0.10969645679,0.420806378126,-0.0164377238372
670,6.771889925,-0.109675806761,0.419569075108,-0.0184607872003
671,6.78223800659,-0.109676332474,0.418539524078,-0.0204959982199
672,6.79278111458,-0.109554282427,0.416264712811,-0.0226114962338
673,6.80320692062,-0.109540851116,0.415087819099,-0.0246824953313
674,6.81438493729,-0.109533994198,0.41390144825,-0.0269075961838
675,6.82719612122,-0.109467821717,0.411958605051,-0.0294812120114
676,6.8371860981,-0.109463529587,0.410916686058,-0.0314780884313
677,6.84681105614,-0.109437243938,0.409691333771,-0.0334102469797
678,6.85679292679,-0.10941304028,0.408451110125,-0.0354139305822
679,6.86778402328,-0.10932769537,0.406498551369,-0.0376378436234
680,6.87255597115,-0.109375414848,0.406498551369,-0.0385767589618
681,6.88278698921,-0.109280341268,0.404524713755,-0.0406492393687
682,6.89284896851,-0.109162316322,0.402338266373,-0.0426924403347
683,6.90318202972,-0.109246844649,0.402150243521,-0.0447204184932
684,6.91345691681,-0.109258601069,0.401240319014,-0.0467536752336
685,6.92381906509,-0.109278242588,0.400400519371,-0.0487940141546
686,6.93484401703,-0.109198272824,0.39849832654,-0.050988817149
687,6.94346809387,-0.109079014659,0.396443337202,-0.052717277801
688,6.95359897614,-0.10908200264,0.395460128784,-0.0546899540676
689,6.9638979435,-0.109191960096,0.395529806614,-0.0566463871131
690,6.97416090965,-0.109204500318,0.39462891221,-0.0586156080296
691,6.98448896408,-0.109126108885,0.39281219244,-0.0606145259163
692,6.99499392509,-0.10904591918,0.39095979929,-0.0626319367882
693,7.00603604317,-0.109060284495,0.389999240637,-0.0646987477853
694,7.01422691345,-0.109064039588,0.389217704535,-0.0662207861161
695,7.02455711365,-0.109097392559,0.388518214226,-0.0681126107556
696,7.03475809097,-0.109109378457,0.387617975473,-0.0699681128461
697,7.04509902,-0.109121491313,0.386705011129,-0.0718275055055
698,7.05553889275,-0.109065669775,0.385102808475,-0.0737065078649
699,7.06728410721,-0.10902874887,0.383559077978,-0.0757818917007
700,7.07485604286,-0.109032927752,0.382843673229,-0.0770924373295
701,7.08491206169,-0.109162649512,0.383135288954,-0.0787650431533
702,7.09508895874,-0.109188914299,0.382380247116,-0.0804705431038
703,7.10530090332,-0.109212373495,0.381593644619,-0.0821555780317
704,7.11559104919,-0.10923720479,0.380812942982,-0.0838242700918
705,7.12606596947,-0.109128831625,0.378681719303,-0.0855427563363
706,7.13659906387,-0.109171714783,0.37805724144,-0.0871811816103
707,7.14759397507,-0.10922398448,0.377480447292,-0.0888528448192
708,7.1601190567,-0.109228506088,0.376273155212,-0.0907321691718
709,7.16573810577,-0.109284696579,0.376273155212,-0.0915383398282
710,7.17582607269,-0.109374471903,0.376162111759,-0.0929638295623
711,7.18599295616,-0.109417763948,0.375578343868,-0.0943840265252
712,7.19621396065,-0.109460026622,0.374978870153,-0.0957765465954
713,7.20652508736,-0.109507881403,0.374426305294,-0.0971422082289
714,7.21705293655,-0.109509590864,0.373390614986,-0.0985153908678
715,7.22755002975,-0.109488933086,0.372134327888,-0.0998527071815
716,7.23918008804,-0.109558026791,0.371662259102,-0.101250928
717,7.25142908096,-0.109598840475,0.370845496655,-0.102679964251
718,7.26030302048,-0.109648038149,0.370450079441,-0.103671254913
719,7.26656889915,-0.109665927887,0.370002388954,-0.104358920955
720,7.27676105499,-0.10973249495,0.369648844004,-0.105429589704
721,7.28704094887,-0.109795984626,0.369255751371,-0.106468216778
722,7.29727196693,-0.109958468676,0.369857490063,-0.107420788962
723,7.30759596825,-0.110021493435,0.369455337524,-0.108376453149
724,7.3180949688,-0.110050576925,0.368696272373,-0.109315525859
725,7.32869696617,-0.110117573738,0.368306040764,-0.110201617299
726,7.33975410461,-0.110187995434,0.367904543877,-0.111073753209
727,7.35209703445,-0.110247904062,0.367269337177,-0.111991176072
728,7.35774302483,-0.110273953676,0.36696523428,-0.112388889133
729,7.36768102646,-0.110348049402,0.366712391376,-0.11304382738
730,7.37788891792,-0.110423663855,0.366447746754,-0.1136706427
731,7.38819098473,-0.110504657626,0.366227477789,-0.11425376536
732,7.39850592613,-0.110581780672,0.365967214108,-0.114790707249
733,7.40939497948,-0.110656839609,0.365628898144,-0.115306975191
734,7.41824293137,-0.110721769333,0.365393400192,-0.115684760302
735,7.42829608917,-0.110804389715,0.365214288235,-0.11606675128
736,7.438560009,-0.110893138051,0.36507537961,-0.116406653364
737,7.44889712334,-0.110977033377,0.364880621433,-0.11670123496
738,7.45912098885,-0.11105025351,0.36459043622,-0.116946797004
739,7.46957206726,-0.111141251922,0.36445531249,-0.117141219189
740,7.48026204109,-0.111236540675,0.364339202642,-0.117286063666
741,7.49168491364,-0.111336610317,0.364197611809,-0.117381844748
742,7.49912190437,-0.111399032474,0.364078134298,-0.117412010067
743,7.5093870163,-0.111476485729,0.363826155663,-0.117413660304
744,7.51966810226,-0.111564493775,0.363678127527,-0.117361728075
745,7.53005099297,-0.111561365128,0.362608551979,-0.117289518814
746,7.5408949852,-0.111756523848,0.363475739956,-0.117092993227
747,7.54977011681,-0.111720504761,0.362228035927,-0.116956002632
748,7.5598731041,-0.111811562777,0.362128317356,-0.116711006621
749,7.57011604309,-0.111902437806,0.362012773752,-0.116414185762
750,7.5804810524,-0.112000935078,0.361961245537,-0.116061791746
751,7.59103393555,-0.112088394761,0.361780554056,-0.115655649607
752,7.60167694092,-0.112190059423,0.361732900143,-0.115189513677
753,7.61330008507,-0.112299466133,0.361664652824,-0.114621319864
754,7.6253900528,-0.112407956123,0.361540555954,-0.113966253022
755,7.63491797447,-0.112495126128,0.361459463835,-0.113402640678
756,7.64063501358,-0.112552296519,0.361459463835,-0.113043332688
757,7.65065193176,-0.112735056877,0.362285375595,-0.112354638566
758,7.66088008881,-0.112828034163,0.362192332745,-0.11163262874
759,7.67127990723,-0.112838348746,0.36125549674,-0.110874450745
760,7.68159389496,-0.113027149439,0.362112104893,-0.110026121427
761,7.69254589081,-0.113134601116,0.362091422081,-0.109100732392
762,7.70142412186,-0.113223234415,0.362089931965,-0.10831242911
763,7.71148204803,-0.113320419192,0.36205598712,-0.107379854723
764,7.72182512283,-0.113423855901,0.362056046724,-0.106375715582
765,7.73182702065,-0.113523809314,0.362055391073,-0.105362617669
766,7.74184894562,-0.113623396754,0.362049072981,-0.104306653343
767,7.75210499763,-0.113724127412,0.362030774355,-0.103184412106
768,7.76237893105,-0.113826002479,0.362022131681,-0.102018117049
769,7.77280306816,-0.113926944733,0.361989140511,-0.100793153054
770,7.78338694572,-0.114028012156,0.361941426992,-0.0995069656065
771,7.79393410683,-0.114132565856,0.361932247877,-0.0981823048379
772,7.80572891235,-0.114145597816,0.36088308692,-0.0966730250658
773,7.81757593155,-0.114263254404,0.360874950886,-0.0950844629736
774,7.82259511948,-0.114305539727,0.360795885324,-0.0943977999574
775,7.83294892311,-0.114393282533,0.360637933016,-0.0929532449596
776,7.84306097031,-0.114486886859,0.360562771559,-0.0915053023186
777,7.85331702232,-0.114576644301,0.360434740782,-0.0900024440084
778,7.86374092102,-0.114671972394,0.360345631838,-0.0884388137886
779,7.87420797348,-0.114765008092,0.360229283571,-0.0868340315253
780,7.88507199287,-0.114851290584,0.360005706549,-0.0851336141385
781,7.89337110519,-0.114923660159,0.359899491072,-0.0838094005254
782,7.90352296829,-0.115008835196,0.359736055136,-0.0821621668566
783,7.91378903389,-0.115100352764,0.359624624252,-0.0804653850845
784,7.92420601845,-0.115188879371,0.359468191862,-0.0787139771234
785,7.9345369339,-0.115265232325,0.359198629856,-0.076949119743
786,7.94496107101,-0.115448050499,0.359984397888,-0.0751292756038
787,7.95582890511,-0.115449303389,0.358910143375,-0.0732213859065
788,7.96884489059,-0.115563572645,0.358751237392,-0.0708875071267
789,7.9747838974,-0.115679065585,0.359312266111,-0.0698046923867
790,7.98436999321,-0.115753546357,0.359098464251,-0.0680489958001
791,7.99448990822,-0.115746384263,0.358014851809,-0.0661787562614
792,8.00465607643,-0.115921905041,0.358753442764,-0.0642677669333
793,8.01496005058,-0.115907171965,0.357575714588,-0.0623195032979
794,8.02563905716,-0.115965467691,0.357090771198,-0.0602749138642
795,8.03489303589,-0.116032678485,0.35683748126,-0.0584857792587
796,8.04512000084,-0.116101810932,0.356506109238,-0.0564915443234
797,8.05547595024,-0.116172713041,0.356179535389,-0.0544548327314
798,8.06575012207,-0.116241399646,0.355838984251,-0.0524180600085
799,8.07617998123,-0.11627604723,0.355142474174,-0.0503346511866
800,8.08680796623,-0.116345416903,0.354773372412,-0.0481969353758
801,8.09774303436,-0.116420786977,0.354433566332,-0.0459832129652
802,8.1104080677,-0.116563208699,0.354591280222,-0.0434050887548
803,8.11932301521,-0.116617757678,0.354245275259,-0.0415793362996
804,8.12584090233,-0.116638385057,0.353799760342,-0.0402388872648
805,8.1359128952,-0.116604431272,0.352453023195,-0.0381560579883
806,8.14616799355,-0.11665789485,0.351962149143,-0.0360322968711
807,8.15645289421,-0.116709513664,0.351449847221,-0.033895357062
808,8.16719794273,-0.116710194349,0.35038214922,-0.0316518366541
809,8.1762650013,-0.116750430465,0.349877804518,-0.0297577855634
810,8.1864259243,-0.116800806522,0.349365472794,-0.0276323197536
811,8.1965470314,-0.116854083538,0.34888613224,-0.0255129798948
812,8.20686197281,-0.116909370422,0.348407506943,-0.0233516709573
813,8.2172999382,-0.116995031238,0.348220318556,-0.0211680890625
814,8.22764110565,-0.117037211061,0.34760800004,-0.0189999431491
815,8.23831105232,-0.117064666152,0.346815556288,-0.0167621001066
816,8.24946093559,-0.117107393146,0.346127837896,-0.0144285780432
817,8.26209402084,-0.117100856304,0.344799160957,-0.0117807715039
818,8.27195191383,-0.117040874958,0.343213558197,-0.00970934081975
819,8.2774848938,-0.117025108337,0.342502593994,-0.00855165028137
820,8.28756093979,-0.117053553462,0.341779440641,-0.00645842307117
821,8.29783201218,-0.117088139057,0.341098189354,-0.00433317335724
822,8.30830812454,-0.117040112615,0.339570313692,-0.00215725817911
823,8.31848311424,-0.117058284879,0.338734537363,-6.59720098265e-05
824,8.32897901535,-0.117076802254,0.337870121002,0.00208065748005
825,8.33981895447,-0.11719618082,0.337979912758,0.00426231120657
826,8.35209989548,-0.117172762156,0.336517632008,0.00675290095185
827,8.36048197746,-0.117080948949,0.334761291742,0.008460583172
828,8.36832499504,-0.117062700391,0.333794504404,0.0100341271315
829,8.37851405144,-0.117055609822,0.332704693079,0.0120614155456
830,8.38865709305,-0.117063818574,0.331772476435,0.0140602200634
831,8.39897203445,-0.117072476745,0.330827564001,0.0160759845928
832,8.40938091278,-0.117101639509,0.330078303814,0.0180863606795
833,8.41976499557,-0.117100453973,0.329028040171,0.0200810886244
834,8.43037891388,-0.117008023262,0.327042341232,0.0221255730879
835,8.44277906418,-0.116922287941,0.324944972992,0.0244813996748
836,8.45433211327,-0.116940954924,0.32397633791,0.0266197872607
837,8.46388292313,-0.117030562162,0.323917329311,0.0283435014954
838,8.47416901588,-0.117017262578,0.322755724192,0.0302106278231
839,8.48476696014,-0.116810836196,0.319631665945,0.0321701520168
840,8.49469208717,-0.116800441742,0.318535208702,0.0339248586211
841,8.50610995293,-0.11680080533,0.31739705801,0.0359101511572
842,8.51408004761,-0.116856226325,0.31715425849,0.0372586702478
843,8.51994395256,-0.116787147522,0.315877079964,0.0382766052035
844,8.52993702888,-0.116779816747,0.314804464579,0.0399546362728
845,8.54014706612,-0.116773245931,0.313717752695,0.0416415530052
846,8.55022311211,-0.116516587138,0.310143560171,0.0433641419945
847,8.56044602394,-0.116590355039,0.309858947992,0.0449696769181
848,8.57077503204,-0.116580244303,0.308724939823,0.0465907482193
849,8.58117508888,-0.11656656146,0.307548105717,0.0481931176791
850,8.59205698967,-0.116294453144,0.303738832474,0.0499269106338
851,8.60284900665,-0.116280058622,0.302515685558,0.0515217250628
852,8.61503005028,-0.116384199262,0.302338987589,0.0532357958571
853,8.62631011009,-0.116114826798,0.298517256975,0.0549135561437
854,8.63093209267,-0.116161046624,0.298517256975,0.0555331074846
855,8.64126205444,-0.116095992923,0.296833723783,0.0569539578295
856,8.6512389183,-0.116058095694,0.295457065105,0.0582846174192
857,8.66156697273,-0.116005018353,0.293893486261,0.0596329928482
858,8.6718120575,-0.115866281986,0.291481614113,0.0609673585289
859,8.68225097656,-0.115828475356,0.290059655905,0.0622530436374
860,8.69323396683,-0.115758489966,0.288261502981,0.0635771364257
861,8.70400595665,-0.115703459382,0.286633998156,0.0648308449796
862,8.71669411659,-0.115440323949,0.282733827829,0.0663292385815
863,8.72771811485,-0.115509877801,0.282326966524,0.067476101069
864,8.73184800148,-0.115551176667,0.282326966524,0.0678891304777
865,8.74199104309,-0.115325100422,0.27905189991,0.0689985682734
866,8.75226807594,-0.115176866651,0.276541858912,0.0700556015556
867,8.7626349926,-0.115247395635,0.276210457087,0.0710033936612
868,8.77300906181,-0.115184630752,0.274545401335,0.0719621410376
869,8.78418588638,-0.114874648452,0.27032789588,0.0730396100171
870,8.79434108734,-0.11482681334,0.268834024668,0.073894627928
871,8.80590891838,-0.114782855511,0.267237663269,0.0748194140872
872,8.81797099113,-0.114573564529,0.263938546181,0.0757902681574
873,8.82835412025,-0.114520394206,0.262368530035,0.0765383594701
874,8.83299589157,-0.114411014318,0.260810554028,0.0768902121913
875,8.8429210186,-0.114444345832,0.260151356459,0.077522461217
876,8.85317492485,-0.114279209375,0.257474601269,0.0782077790662
877,8.86342096329,-0.114219762683,0.2558555305,0.0788176324349
878,8.87371897697,-0.114162999392,0.254258096218,0.0793912872901
879,8.88459801674,-0.114032909274,0.251869291067,0.0799794866955
880,8.89453697205,-0.113863639832,0.249182701111,0.0804960945731
881,8.90535497665,-0.113905925453,0.248523756862,0.0809424111268
882,8.91807794571,-0.113586467505,0.244056880474,0.0815354670252
883,8.93048810959,-0.113536410332,0.242315292358,0.0819724946803
884,8.93385004997,-0.113510444462,0.241719439626,0.0820855445865
885,8.94404292107,-0.11342741549,0.239869862795,0.0824053667511
886,8.95427489281,-0.113248237371,0.237054884434,0.0827197355281
887,8.96453094482,-0.113183536828,0.235382273793,0.0829622393169
888,8.97511696815,-0.112932448685,0.231812790036,0.0832304234996
889,8.98522210121,-0.112845134437,0.22992913425,0.0834040327022
890,8.99565196037,-0.112789328992,0.228328093886,0.0835369556857
891,9.00662493706,-0.112801940441,0.227356910706,0.0836171844042
892,9.01744699478,-0.112448660135,0.222741901875,0.083762049341
893,9.02516007423,-0.11244648993,0.221948891878,0.0837706866058
894,9.03507804871,-0.112348609269,0.219978287816,0.0837802754373
895,9.04542589188,-0.112165463865,0.21711204946,0.0837785195295
896,9.05574202538,-0.112186343968,0.216289237142,0.0836886506495
897,9.06647610664,-0.11180603385,0.211412727833,0.0836651726359
898,9.07701802254,-0.111721080244,0.209509000182,0.0835322291894
899,9.08844590187,-0.111752206087,0.208677470684,0.0833203249049
900,9.10103988647,-0.111385246813,0.203748479486,0.0831404389162
901,9.11090493202,-0.111404336989,0.202952876687,0.0828938160198
902,9.12104392052,-0.111297411621,0.200869724154,0.0826419266828
903,9.13047504425,-0.11108851701,0.197837665677,0.0824065958042
904,9.14048695564,-0.11101546675,0.196105971932,0.0820968508082
905,9.15119290352,-0.110707552731,0.191956236959,0.0817852506636
906,9.16137003899,-0.110617949963,0.190042495728,0.0814179083684
907,9.17121911049,-0.110530456305,0.188182651997,0.0810379858686
908,9.18086910248,-0.110423407853,0.186147168279,0.0806470598422
909,9.1908249855,-0.110311616063,0.184033662081,0.0802207366364
910,9.2016749382,-0.110125328898,0.181085795164,0.0797418164979
911,9.21171689034,-0.109921371341,0.178042024374,0.0792798992921
912,9.22270298004,-0.109845986962,0.176189571619,0.0787231599352
913,9.23102092743,-0.109831124246,0.175209149718,0.0782780656825
914,9.2397210598,-0.109603255093,0.172060444951,0.0778328211841
915,9.25002789497,-0.109424384534,0.169241055846,0.077270242973
916,9.26027703285,-0.109222510755,0.166197404265,0.0766938450744
917,9.2699649334,-0.109104255736,0.164046064019,0.0761202275664
918,9.27994704247,-0.10912443161,0.163249611855,0.0754922290271
919,9.29003000259,-0.108922937512,0.160226374865,0.0748725446914
920,9.30079698563,-0.108627599478,0.156196296215,0.0742023781322
921,9.31061506271,-0.108640967309,0.155348166823,0.073539751286
922,9.32037496567,-0.108433639407,0.152298897505,0.0728950020755
923,9.33048200607,-0.108330771029,0.150259509683,0.0722003283292
924,9.3406059742,-0.108341934681,0.14935874939,0.0714793265096
925,9.35103988647,-0.107949244082,0.144388452172,0.0707672849267
926,9.36099004745,-0.10786406517,0.142541646957,0.0700461996931
927,9.37080693245,-0.107858264148,0.141501948237,0.0693180157411
928,9.38085007668,-0.107663142979,0.138546422124,0.0685820585948
929,9.39089107513,-0.107576632798,0.136677220464,0.0678279629357
930,9.40103602409,-0.107296614051,0.132862538099,0.0670743436283
931,9.40826892853,-0.107169437408,0.130867481232,0.0665263981195
932,9.41836309433,-0.107193384767,0.130097538233,0.0657415734786
933,9.42866396904,-0.107021921575,0.127352818847,0.0649500954421
934,9.4389269352,-0.106913632751,0.125243633986,0.0641526717025
935,9.44946503639,-0.106833347529,0.123386971653,0.0633285021995
936,9.45878410339,-0.106564355046,0.119765140116,0.0626090908368
937,9.46897506714,-0.106483291835,0.117935411632,0.0618082240936
938,9.47918796539,-0.106387523711,0.115956440568,0.0610059002996
939,9.48951792717,-0.106324628443,0.114294491708,0.0601931527252
940,9.50028395653,-0.106065029502,0.110621899366,0.0593559795523
941,9.50940203667,-0.105975642502,0.108816221356,0.0586428152429
942,9.51966691017,-0.105909019262,0.107123501599,0.0578415938089
943,9.53004789352,-0.105839075595,0.105385966599,0.0570355520337
944,9.54071593285,-0.10576708585,0.103599265218,0.0562125237387
945,9.5500330925,-0.105521570444,0.100212395191,0.0555039348241
946,9.56007599831,-0.105450059474,0.0984929949045,0.054740537125
947,9.57023906708,-0.10538812384,0.0968573316932,0.0539750976519
948,9.58031892776,-0.105417086929,0.0961389765143,0.0532222013571
949,9.59061598778,-0.105243349671,0.0933718979359,0.052466424683
950,9.60092496872,-0.105032314062,0.0902306437492,0.051719907484
951,9.61130690575,-0.105065523535,0.0895245447755,0.0509754441424
952,9.62204504013,-0.104894587696,0.0867413729429,0.0502207516336
953,9.63296508789,-0.104704750925,0.083751000464,0.0494670444824
954,9.64686012268,-0.104783939421,0.0831533819437,0.0485276063469
955,9.65503096581,-0.104607959837,0.0805765017867,0.0479889196188
956,9.66111302376,-0.104507223517,0.0789609327912,0.0475937699479
957,9.67130088806,-0.104485719055,0.0777271017432,0.0469437074021
958,9.68152809143,-0.104445174634,0.0762989372015,0.0463074533002
959,9.69231700897,-0.104244565815,0.0732139572501,0.0456545408288
960,9.70214891434,-0.104214084446,0.0719259530306,0.0450767796715
961,9.71263694763,-0.10420116514,0.0707479566336,0.0444793763592
962,9.72374796867,-0.10402379781,0.0678631812334,0.0438677389711
963,9.73182797432,-0.104104597867,0.0678631812334,0.04343872315
964,9.74661588669,-0.103997010738,0.0653085187078,0.0426854019489
965,9.75669503212,-0.103998248279,0.064312979579,0.0421979360735
966,9.76777100563,-0.10385463886,0.0617692880332,0.0416857435615
967,9.77613592148,-0.103817858696,0.060564994812,0.041317041683
968,9.78250193596,-0.103881518841,0.060564994812,0.0410476805224
969,9.79266405106,-0.103768045455,0.0584140494466,0.0406345768278
970,9.80279994011,-0.103777348697,0.0574934929609,0.0402474446794
971,9.81315112114,-0.103782612309,0.0565110109746,0.0398770439523
972,9.82341003418,-0.103784304932,0.0555020458996,0.0395353722026
973,9.83398604393,-0.103688652366,0.053487919271,0.0392091142529
974,9.84425401688,-0.103702588975,0.0526004880667,0.038920413125
975,9.85506391525,-0.103727783114,0.0517714396119,0.0386457136214
976,9.86802792549,-0.103785097823,0.0510481856763,0.0383567248541
977,9.87821507454,-0.103731588572,0.0494943782687,0.0381597551481
978,9.88357591629,-0.103709386215,0.0487362705171,0.0380673731116
979,9.89382791519,-0.103737975582,0.0479969643056,0.0379133470345
980,9.9039440155,-0.103766208068,0.0472676791251,0.0377897333361
981,9.9141960144,-0.103811260983,0.046693008393,0.0376937748651
982,9.9246199131,-0.103819893375,0.0457369424403,0.0376262150264
983,9.93491005898,-0.103882241696,0.0453314110637,0.0375905724577
984,9.94561696053,-0.104053058252,0.0459688864648,0.0375869864126
985,9.95688796043,-0.104120433331,0.045515537262,0.0376181533301
986,9.97017598152,-0.104169523194,0.0446776337922,0.0377027260325
987,9.98060297966,-0.1042377875,0.0443175770342,0.0378061423142
988,9.98459005356,-0.104135636762,0.042897362262,0.0378532196213
989,9.9947450161,-0.00425219461322,0.0425219461322,0.037997540502
990,10.0050880909,-0.00422092154622,0.0422092154622,0.0381766933788
991,10.0153250694,-0.00418957844377,0.0418957844377,0.0383860918936
992,10.0255289078,-0.00413687080145,0.0413687080145,0.0386266059253
993,10.0360109806,-0.00411423780024,0.0411423780024,0.0389072554773
994,10.0465230942,-0.00409081019461,0.0409081019461,0.0392227877333
995,10.0575389862,-0.00406863428652,0.0406863428652,0.0395902094583
996,10.0699799061,-0.00402210056782,0.0402210056782,0.0400504413276
997,10.0802569389,-0.00400248393416,0.0400248393416,0.0404670936209
998,10.0902519226,-0.00398314185441,0.0398314185441,0.0409039320427
999,10.1016700268,-0.00395520292222,0.0395520292222,0.0414411484489
1000,10.1111979485,-0.00394791252911,0.0394791252911,0.0419206447064
1001,10.1213030815,-0.0039420787245,0.039420787245,0.0424601622469
1002,10.1305809021,-0.00394203104079,0.0394203104079,0.0429835557882
1003,10.1407990456,-0.00394444167614,0.0394444167614,0.0435910103707
1004,10.1518549919,-0.00394869074225,0.0394869074225,0.0442848086048
1005,10.1613550186,-0.00397518239915,0.0397518239915,0.0449111594051
1006,10.1699419022,-0.00399408042431,0.0399408042431,0.0455012776965
1007,10.1794469357,-0.00401986986399,0.0401986986399,0.0461809129937
1008,10.1894619465,-0.00404377654195,0.0404377654195,0.0469269617944
1009,10.2001969814,-0.00410120859742,0.0410120859742,0.0477603674935
1010,10.2101690769,-0.0041393879801,0.041393879801,0.0485658922451
1011,10.219727993,-0.00417715609074,0.0417715609074,0.0493661216256
1012,10.229970932,-0.00421528629959,0.0421528629959,0.0502539557812
1013,10.2404050827,-0.00425825677812,0.0425825677812,0.0511903320278
1014,10.2503960133,-0.00434204302728,0.0434204302728,0.0521163808014
1015,10.2593851089,-0.00438854470849,0.0438854470849,0.0529748032744
1016,10.2673919201,-0.00443534776568,0.0443534776568,0.0537590125136
1017,10.2775149345,-0.00447912327945,0.0447912327945,0.0547770542821
1018,10.2877449989,-0.00452209189534,0.0452209189534,0.0558354688994
1019,10.2981219292,-0.00456376634538,0.0456376634538,0.0569391647728
1020,10.3085920811,-0.00465868487954,0.0465868487954,0.058081895062
1021,10.3189089298,-0.00469941087067,0.0469941087067,0.0592384010141
1022,10.3299291134,-0.0048697270453,0.048697270453,0.0605021615478
1023,10.3419530392,-0.00480687431991,0.0480687431991,0.0619245142579
1024,10.3520729542,-0.00483717657626,0.0483717657626,0.0631487827693
1025,10.3583569527,-0.00487571358681,0.0487571358681,0.0639217153238
1026,10.3683829308,-0.00491160564125,0.0491160564125,0.0651764729556
1027,10.3785099983,-0.0049529440701,0.049529440701,0.066469295239
1028,10.3888480663,-0.00498275794089,0.0498275794089,0.0678155167695
1029,10.3991219997,-0.00501959621906,0.0501959621906,0.0691787165242
1030,10.4094378948,-0.00508449487388,0.0508449487388,0.070571539134
1031,10.419989109,-0.0051201634109,0.051201634109,0.0720227712505
1032,10.4307909012,-0.00515743345022,0.0515743345022,0.0735345459391
1033,10.4434099197,-0.00522370822728,0.0522370822728,0.075332233351
1034,10.4546051025,-0.00524950884283,0.0524950884283,0.0769571263183
1035,10.4637849331,-0.00527619794011,0.0527619794011,0.0783087791712
1036,10.4740710258,-0.0053016975522,0.053016975522,0.079843868994
1037,10.484621048,-0.00534023679793,0.0534023679793,0.0814394249138
1038,10.4950199127,-0.00536095313728,0.0536095313728,0.0830338625342
1039,10.5051000118,-0.00537345297635,0.0537345297635,0.0845990015807
1040,10.5143139362,-0.00539141148329,0.0539141148329,0.0860452803667
1041,10.5249481201,-0.00541431047022,0.0541431047022,0.0877326970315
1042,10.535476923,-0.00542433783412,0.0542433783412,0.0894227907413
1043,10.541574955,-0.00542753040791,0.0542753040791,0.0904100252945
1044,10.5502951145,-0.00543450675905,0.0543450675905,0.0918317487374
1045,10.5601010323,-0.0054356765002,0.054356765002,0.0934446684323
1046,10.5702569485,-0.00543720237911,0.0543720237911,0.0951298765296
1047,10.5805859566,-0.00544203408062,0.0544203408062,0.0968582694115
1048,10.5908820629,-0.00543815046549,0.0543815046549,0.0985957346394
1049,10.6012179852,-0.00554312504828,0.0554312504828,0.100345708913
1050,10.611675024,-0.00542788766325,0.0542788766325,0.102144358485
1051,10.6225318909,-0.00542487390339,0.0542487390339,0.104016504704
1052,10.6310679913,-0.00541870296001,0.0541870296001,0.105497316891
1053,10.6414620876,-0.00551189295948,0.0551189295948,0.107302506454
1054,10.6516439915,-0.00550366826355,0.0550366826355,0.109087518245
1055,10.6620209217,-0.00537695139647,0.0537695139647,0.110924555702
1056,10.6725049019,-0.00535992868245,0.0535992868245,0.112780419659
1057,10.6841480732,-0.00531506165862,0.0531506165862,0.11485214877
1058,10.6954240799,-0.00528983585536,0.0528983585536,0.116864819562
1059,10.7063200474,-0.00526970848441,0.0526970848441,0.118815473777
1060,10.7167060375,-0.00524658486247,0.0524658486247,0.120679868932
1061,10.7261390686,-0.00519163385034,0.0519163385034,0.122379182698
1062,10.731967926,-0.00519163385034,0.0519163385034,0.12342781813
1063,10.7421369553,-0.00522731170058,0.0522731170058,0.125256150117
1064,10.7524020672,-0.00518879257143,0.0518879257143,0.127109436519
1065,10.7626469135,-0.0051510874182,0.051510874182,0.12895986296
1066,10.7730200291,-0.00511935316026,0.0511935316026,0.130832961208
1067,10.7837181091,-0.00504745058715,0.0504745058715,0.132767121972
1068,10.7940161228,-0.00490049570799,0.0490049570799,0.134633526499
1069,10.8052010536,-0.00485562644899,0.0485562644899,0.136648525625
1070,10.8184649944,-0.00476198457181,0.0476198457181,0.139035966315
1071,10.8281919956,-0.0047185678035,0.047185678035,0.140780145082
1072,10.8390929699,-0.00467293597758,0.0467293597758,0.142728969308
1073,10.8475461006,-0.00461288355291,0.0461288355291,0.144237399469
1074,10.857945919,-0.00456676185131,0.0456676185131,0.146084671934
1075,10.8684780598,-0.0044705055654,0.044705055654,0.147951228562
1076,10.8779690266,-0.0044171102345,0.044171102345,0.14962307992
1077,10.8833611012,-0.00446905940771,0.0446905940771,0.150563217756
1078,10.8935830593,-0.00431624650955,0.0431624650955,0.152356973198
1079,10.903783083,-0.00426645502448,0.0426645502448,0.154128810831
1080,10.9140210152,-0.00422038845718,0.0422038845718,0.155895752287
1081,10.9244730473,-0.00411261692643,0.0411261692643,0.157691512613
1082,10.9347178936,-0.00405756942928,0.0405756942928,0.159435100943
1083,10.9451160431,-0.00411577671766,0.0411577671766,0.161182929224
1084,10.9557499886,-0.0040675599128,0.040675599128,0.162962557806
1085,10.9678010941,-0.00384948626161,0.0384948626161,0.164970360549
1086,10.9774301052,-0.00379290431738,0.0379290431738,0.166550611178
1087,10.9846930504,-0.00373802296817,0.0373802296817,0.167733468696
1088,10.9950039387,-0.00367864519358,0.0367864519358,0.169396445647
1089,11.0053300858,-0.0036195050925,0.036195050925,0.171043395677
1090,11.0158779621,-0.00357515327632,0.0357515327632,0.172704913062
1091,11.0251789093,-0.00347194522619,0.0347194522619,0.174156322287
1092,11.0353240967,-0.00341210328043,0.0341210328043,0.175717310918
1093,11.045552969,-0.00335190370679,0.0335190370679,0.177270237599
1094,11.0558679104,-0.00329328589141,0.0329328589141,0.178814128793
1095,11.0666069984,-0.0031704172492,0.031704172492,0.18040018462
1096,11.0768549442,-0.00310635808855,0.0310635808855,0.181887309146
1097,11.0879209042,-0.0030533708632,0.030533708632,0.183465568589
1098,11.1009550095,-0.00294897649437,0.0294897649437,0.185289362153
1099,11.1119339466,-0.0028883734718,0.028883734718,0.186792549943
1100,11.1210300922,-0.00283258259296,0.0283258259296,0.188015464898
1101,11.1306190491,-0.00278004687279,0.0278004687279,0.189281625653
1102,11.1406869888,-0.00273474194109,0.0273474194109,0.190585017575
1103,11.1512339115,-0.002633215487,0.02633215487,0.19192321114
1104,11.1618990898,-0.00267991181463,0.0267991181463,0.193241348455
1105,11.1717059612,-0.00262778904289,0.0262778904289,0.194428556752
1106,11.1766400337,-0.00258292313665,0.0258292313665,0.195016165924
1107,11.1866230965,-0.00253713373095,0.0253713373095,0.196182580184
1108,11.1968119144,-0.00249881576747,0.0249881576747,0.197343124763
1109,11.2070651054,-0.00245217625052,0.0245217625052,0.198480396636
1110,11.2172961235,-0.00235576480627,0.0235576480627,0.199584881149
1111,11.2277050018,-0.00230994503945,0.0230994503945,0.200674833385
1112,11.2380800247,-0.00215733665973,0.0215733665973,0.20172943988
1113,11.2487061024,-0.00211270656437,0.0211270656437,0.202773007119
1114,11.2603640556,-0.00203934591264,0.0203934591264,0.203876893427
1115,11.272010088,-0.00202053673565,0.0202053673565,0.204935629007
1116,11.2821090221,-0.00200191885233,0.0200191885233,0.205818016189
1117,11.2931990623,-0.00200441051275,0.0200441051275,0.206748204112
1118,11.3029239178,-0.00201736278832,0.0201736278832,0.207530152313
1119,11.3128540516,-0.00202974975109,0.0202974975109,0.20829580548
1120,11.3224921227,-0.00204141568393,0.0204141568393,0.209006952318
1121,11.3325760365,-0.00205057635903,0.0205057635903,0.209716991947
1122,11.3433630466,-0.00207443591207,0.0207443591207,0.210437589531
1123,11.3544039726,-0.00208642780781,0.0208642780781,0.211133322662
1124,11.3636479378,-0.00209599994123,0.0209599994123,0.211682969734
1125,11.3729379177,-0.00210731178522,0.0210731178522,0.212204970348
1126,11.378469944,-0.00211913250387,0.0211913250387,0.212501229129
1127,11.3886640072,-0.00212595462799,0.0212595462799,0.213018753858
1128,11.3987350464,-0.0021367078647,0.021367078647,0.213493482385
1129,11.4089779854,-0.00214056558907,0.0214056558907,0.213938985837
1130,11.4192900658,-0.00213830117136,0.0213830117136,0.214349294129
1131,11.4295740128,-0.00213152561337,0.0213152561337,0.214720139486
1132,11.4399449825,-0.00212202500552,0.0212202500552,0.21505518773
1133,11.4507861137,-0.00209800992161,0.0209800992161,0.215363605051
1134,11.4612810612,-0.00208876598626,0.0208876598626,0.21562108379
1135,11.4737460613,-0.0020705293864,0.020705293864,0.215874507632
1136,11.4853498936,-0.00203614141792,0.0203614141792,0.216059280192
1137,11.4950549603,-0.00201714970171,0.0201714970171,0.216175743635
1138,11.5048010349,-0.00199859030545,0.0199859030545,0.216257856188
1139,11.5140919685,-0.00199154727161,0.0199154727161,0.216303588552
1140,11.5200550556,-0.00199908129871,0.0199908129871,0.216316185097
1141,11.5301940441,-0.00200521182269,0.0200521182269,0.216307692121
1142,11.5403740406,-0.00201335698366,0.0201335698366,0.216261265567
1143,11.5505459309,-0.00202774684876,0.0202774684876,0.216176990549
1144,11.5608649254,-0.00202649496496,0.0202649496496,0.21605302959
1145,11.5712380409,-0.00203128922731,0.0203128922731,0.215889351757
1146,11.5817620754,-0.00203201752156,0.0203201752156,0.215683467431
1147,11.5927889347,-0.00204077288508,0.0204077288508,0.215424808209
1148,11.604115963,-0.00203749276698,0.0203749276698,0.215113710574
1149,11.6156508923,-0.00203040204942,0.0203040204942,0.214749821016
1150,11.6266479492,-0.00199956484139,0.0199956484139,0.214359037265
1151,11.636619091,-0.00198941938579,0.0198941938579,0.213967720515
1152,11.6465499401,-0.00198662411422,0.0198662411422,0.213543316806
1153,11.6559240818,-0.00199513155967,0.0199513155967,0.213111157639
1154,11.6661529541,-0.00199506450444,0.0199506450444,0.212604992401
1155,11.6725790501,-0.00200082641095,0.0200082641095,0.212268610265
1156,11.6818170547,-0.00199110303074,0.0199110303074,0.211760467739
1157,11.6919689178,-0.00199211575091,0.0199211575091,0.211168719491
1158,11.7020769119,-0.00198843032122,0.0198843032122,0.210545236461
1159,11.7123379707,-0.00199284460396,0.0199284460396,0.209877601818
1160,11.722618103,-0.00199286472052,0.0199286472052,0.209174080855
1161,11.7334189415,-0.00199242345989,0.0199242345989,0.208397971339
1162,11.7436540127,-0.00199675057083,0.0199675057083,0.207627963185
1163,11.7547669411,-0.00198900606483,0.0198900606483,0.206754405881
1164,11.7679350376,-0.0019960751757,0.019960751757,0.205669332419
1165,11.7778100967,-0.00199739970267,0.0199739970267,0.204820654047
1166,11.7880549431,-0.00199002083391,0.0199002083391,0.203909040478
1167,11.7975039482,-0.0019900161773,0.019900161773,0.203040452819
1168,11.8073599339,-0.00199158284813,0.0199158284813,0.202106485343
1169,11.8180119991,-0.00199130047113,0.0199130047113,0.201065488439
1170,11.8284380436,-0.00198657419533,0.0198657419533,0.200015344589
1171,11.8383009434,-0.00199133027345,0.0199133027345,0.198993923899
1172,11.8476490974,-0.00199080016464,0.0199080016464,0.198001178049
1173,11.8583610058,-0.00199024584144,0.0199024584144,0.196834646095
1174,11.8687779903,-0.00198922809213,0.0198922809213,0.195671145624
1175,11.8787879944,-0.00198822189122,0.0198822189122,0.194526634513
1176,11.8885409832,-0.00198532883078,0.0198532883078,0.193387083951
1177,11.8985569477,-0.0019893085584,0.019893085584,0.192192211328
1178,11.9095740318,-0.00198833551258,0.0198833551258,0.190849831729
1179,11.9193899632,-0.00198546368629,0.0198546368629,0.189629604184
1180,11.9301710129,-0.0019882388413,0.019882388413,0.188263750047
1181,11.9372000694,-0.00199123583734,0.0199123583734,0.187359113246
1182,11.9472110271,-0.00199147611856,0.0199147611856,0.186051941479
1183,11.9574809074,-0.00199111495167,0.0199111495167,0.184688585473
1184,11.9681839943,-0.0019929965958,0.019929965958,0.183244276575
1185,11.97884202,-0.00198851265013,0.0198851265013,0.181783020575
1186,11.9850521088,-0.00199009571224,0.0199009571224,0.180921259203
1187,11.9952559471,-0.00198933295906,0.0198933295906,0.179489266213
