,T,X,X_dot,Y,Y_dot,Z,Z_dot
0,0.70275592804,0.00899079348892,0.3,-0.00830713566393,-0.3,1.06771194935,0.3
1,0.753005027771,0.00924732815474,0.3,-0.00881089176983,-0.3,1.06661307812,0.3
2,0.804507017136,0.0100064137951,-0.3,-0.00966540724039,-0.3,1.06617820263,0.3
3,0.855266094208,0.0118109341711,0.3,-0.0114659778774,-0.3,1.067953825,0.3
4,0.90501499176,0.0129781020805,-0.3,-0.0142756700516,0.3,1.07306420803,-0.3
5,0.95693397522,0.0150606939569,0.3,-0.0203403830528,-0.3,1.08120107651,0.3
6,1.00764799118,0.0172724500299,0.3,-0.025281989947,0.3,1.08890008926,-0.3
7,1.05671405792,0.0188009496778,-0.3,-0.0317069664598,-0.3,1.09578478336,0.3
8,1.10799098015,0.0204116739333,0.3,-0.0367632359266,-0.3,1.09862089157,-0.3
9,1.15742897987,0.0213270355016,0.3,-0.0431559756398,-0.3,1.09836816788,0.3
10,1.20810198784,0.0219150222838,-0.3,-0.0463572852314,0.3,1.09986245632,-0.3
11,1.25957393646,0.025310209021,-0.3,-0.05186284706,0.3,1.10121643543,-0.3
12,1.31009316444,0.0269462801516,0.3,-0.056883752346,-0.3,1.10285818577,-0.3
13,1.36059904099,0.027465345338,-0.3,-0.0617147423327,0.3,1.10286664963,0.3
14,1.41113400459,0.0282372627407,-0.3,-0.0672338604927,-0.3,1.09901988506,-0.3
15,1.46164894104,0.0294525269419,0.3,-0.0720151811838,-0.3,1.09145927429,0.3
16,1.5123231411,0.0287741310894,-0.3,-0.0768682137132,0.3,1.08380007744,0.3
17,1.56298112869,0.027269275859,0.3,-0.0826487839222,0.3,1.07681965828,0.3
18,1.61340904236,0.0249653477222,-0.3,-0.0872166976333,-0.3,1.07065653801,-0.3
19,1.6645359993,0.0217675138265,-0.3,-0.0895648598671,-0.3,1.06650948524,-0.3
20,1.71379995346,0.0168876163661,-0.3,-0.0903592705727,-0.3,1.06468331814,-0.3
21,1.76591801643,0.0105999074876,-0.3,-0.0911759957671,0.3,1.06363594532,-0.3
22,1.81577706337,0.00255149253644,0.3,-0.091129347682,-0.3,1.0600605011,0.3
23,1.8664431572,-0.0045605590567,-0.3,-0.0903462171555,-0.3,1.05420196056,-0.3
24,1.91693997383,-0.0116772418842,-0.3,-0.0899697765708,0.3,1.04729235172,0.3
25,1.96778512001,-0.0213520973921,0.3,-0.0901312083006,0.3,1.03909170628,-0.3
26,2.01759815216,-0.0271303188056,-0.3,-0.0930425897241,0.3,1.03353703022,0.3
27,2.06909704208,-0.0336204729974,0.3,-0.0939632058144,0.3,1.02753520012,0.3
28,2.11960816383,-0.039015237242,0.3,-0.0935600921512,-0.3,1.02272713184,0.3
29,2.17022705078,-0.0437894761562,0.3,-0.0908512547612,0.3,1.0205283165,-0.3
30,2.22074198723,-0.0468050390482,0.3,-0.0854209885001,0.3,1.02076029778,0.3
31,2.27148509026,-0.0474536791444,-0.3,-0.0766696706414,-0.3,1.02093172073,-0.3
32,2.32184314728,-0.0459955967963,-0.3,-0.0652656704187,0.3,1.02184534073,-0.3
33,2.37312507629,-0.043357077986,-0.3,-0.0543349534273,-0.3,1.02472698689,0.3
34,2.42346596718,-0.0397728718817,0.3,-0.0449752919376,-0.3,1.02691793442,-0.3
35,2.47269201279,-0.0354064442217,-0.3,-0.0366835482419,0.3,1.02840673923,0.3
36,2.52329611778,-0.0293130818754,0.3,-0.030194234103,0.3,1.02916789055,0.3
37,2.57387113571,-0.0243085250258,-0.3,-0.0275639872998,0.3,1.02949309349,0.3
38,2.62524104118,-0.0194022487849,0.3,-0.0263016279787,-0.3,1.03098654747,0.3
39,2.67575597763,-0.0142341246828,0.3,-0.0257237907499,-0.3,1.0346865654,-0.3
40,2.72548103333,-0.00972816254944,-0.3,-0.0263213422149,-0.3,1.03963518143,0.3
41,2.77705311775,-0.00496935471892,0.3,-0.027024211362,-0.3,1.04404973984,0.3
42,2.82676696777,-0.00135311775375,0.3,-0.0296820756048,-0.3,1.0488396883,0.3
43,2.87801194191,0.00236559915356,-0.3,-0.034258954227,-0.3,1.05498075485,-0.3
44,2.92787694931,0.00703911157325,0.3,-0.0407791733742,0.3,1.06134641171,-0.3
45,2.97929215431,0.0113628664985,0.3,-0.0500247292221,-0.3,1.06855213642,-0.3
46,3.02973508835,0.0156414154917,0.3,-0.0590358860791,0.3,1.07454609871,-0.3
47,3.08044409752,0.022400142625,-0.3,-0.0698804557323,0.3,1.07727444172,0.3
48,3.13081407547,0.0289102774113,0.3,-0.08019002527,0.3,1.07545280457,0.3
49,3.18177199364,0.0348199270666,-0.3,-0.088838852942,-0.3,1.07225108147,-0.3
50,3.23265194893,0.0400587208569,-0.3,-0.0949799716473,-0.3,1.06861042976,-0.3
51,3.28250908852,0.04499874264,-0.3,-0.0997761413455,-0.3,1.0640540123,-0.3
52,3.33229708672,0.047272708267,0.3,-0.103553839028,-0.3,1.05856406689,-0.3
53,3.38359594345,0.0469855293632,0.3,-0.106641829014,-0.3,1.05126142502,0.3
54,3.43329000473,0.0450863093138,-0.3,-0.108696110547,0.3,1.04045581818,-0.3
55,3.48477602005,0.046312212944,0.3,-0.114640161395,0.3,1.03181052208,-0.3
56,3.53529715538,0.0444922670722,-0.3,-0.119895398617,-0.3,1.02325618267,-0.3
57,3.58595514297,0.043146468699,-0.3,-0.12443331629,-0.3,1.01429700851,-0.3
58,3.63648295403,0.0419385060668,0.3,-0.12919357419,0.3,1.00439798832,0.3
59,3.6869699955,0.0398346707225,0.3,-0.134644135833,0.3,0.993664324284,-0.3
60,3.73786711693,0.0364612340927,0.3,-0.139403760433,0.3,0.982489645481,0.3
61,3.78826904297,0.0355481505394,0.3,-0.142977923155,-0.3,0.97309076786,0.3
62,3.83887195587,0.0352228730917,0.3,-0.14574444294,0.3,0.965032458305,-0.3
63,3.88959813118,0.0365969613194,0.3,-0.147159218788,-0.3,0.961109220982,-0.3
64,3.94048213959,0.0406422838569,-0.3,-0.145991712809,0.3,0.959782958031,-0.3
65,3.9909119606,0.0473730005324,0.3,-0.143475264311,0.3,0.958755135536,-0.3
66,4.04095602036,0.0565119236708,0.3,-0.140833869576,-0.3,0.95675098896,-0.3
67,4.09025812149,0.0655324980617,0.3,-0.137545630336,-0.3,0.952516257763,-0.3
68,4.14113402367,0.0766705051064,0.3,-0.134967088699,0.3,0.945065438747,0.3
69,4.19259595871,0.0886522904038,0.3,-0.133620336652,0.3,0.935191690922,-0.3
70,4.2429690361,0.101057395339,0.3,-0.131844326854,0.3,0.924518764019,0.3
71,4.29361701012,0.114767380059,0.3,-0.129958376288,0.3,0.913832604885,0.3
72,4.34407401085,0.128917828202,0.3,-0.127939924598,-0.3,0.904196381569,0.3
73,4.39460015297,0.142956674099,-0.3,-0.124198012054,-0.3,0.898266494274,-0.3
74,4.4452290535,0.156463801861,0.3,-0.119341932237,-0.3,0.896885037422,0.3
75,4.495677948,0.168678820133,-0.3,-0.114740408957,-0.3,0.898527443409,0.3
76,4.54617595673,0.180090174079,-0.3,-0.111194044352,-0.3,0.90136051178,-0.3
77,4.59673094749,0.189627289772,-0.3,-0.109780289233,0.3,0.906168341637,0.3
78,4.64721608162,0.196317732334,0.3,-0.111780896783,-0.3,0.912299394608,-0.3
79,4.69688510895,0.200918778777,-0.3,-0.115406259894,-0.3,0.917966902256,-0.3
80,4.74882006645,0.203941658139,0.3,-0.119731679559,-0.3,0.921333730221,-0.3
81,4.79943299294,0.205544874072,-0.3,-0.127271905541,-0.3,0.923974096775,-0.3
82,4.84862804413,0.205846354365,0.3,-0.137552887201,0.3,0.923291325569,0.3
83,4.8998529911,0.205297738314,-0.3,-0.146733239293,0.3,0.919334352016,0.3
84,4.95046114922,0.204975560308,0.3,-0.155784159899,0.3,0.914133191109,0.3
85,5.00097894669,0.203559309244,-0.3,-0.164153859019,0.3,0.910753548145,0.3
86,5.05153393745,0.201688930392,-0.3,-0.169685184956,0.3,0.910861551762,0.3
87,5.1018819809,0.198702663183,-0.3,-0.171482980251,0.3,0.915085673332,-0.3
88,5.15257406235,0.193857461214,0.3,-0.169940114021,-0.3,0.923306763172,0.3
89,5.20294594765,0.188226059079,-0.3,-0.16567876935,-0.3,0.932478308678,0.3
90,5.25343894958,0.182582363486,-0.3,-0.160455599427,0.3,0.940559208393,-0.3
91,5.30306196213,0.176424488425,0.3,-0.155709266663,0.3,0.949223875999,0.3
92,5.3545730114,0.169108733535,0.3,-0.150776550174,-0.3,0.958325207233,-0.3
93,5.40511703491,0.162647768855,0.3,-0.145161449909,0.3,0.966303467751,0.3
94,5.45555710793,0.157639816403,-0.3,-0.139292478561,0.3,0.971519887447,-0.3
95,5.50682902336,0.15392023325,-0.3,-0.133048564196,-0.3,0.974985599518,0.3
96,5.55713915825,0.150141611695,0.3,-0.125180318952,-0.3,0.978166937828,-0.3
97,5.60773801804,0.146263852715,0.3,-0.116973243654,0.3,0.979364275932,0.3
98,5.65785002708,0.142438426614,0.3,-0.109620854259,-0.3,0.9776673913,-0.3
99,5.70833897591,0.140147522092,-0.3,-0.103947021067,0.3,0.973407685757,0.3
100,5.75890898705,0.138395547867,-0.3,-0.100101992488,-0.3,0.969059944153,-0.3
101,5.80937600136,0.137529730797,-0.3,-0.0984329879284,0.3,0.967192292213,0.3
102,5.85983014107,0.138457506895,0.3,-0.0991794839501,-0.3,0.965979993343,0.3
103,5.91031503677,0.14038258791,0.3,-0.100834496319,0.3,0.96502751112,0.3
104,5.96105313301,0.143237158656,-0.3,-0.103034898639,0.3,0.965228021145,-0.3
105,6.01055002213,0.145826354623,0.3,-0.106092110276,-0.3,0.968651652336,0.3
106,6.06204414368,0.147751554847,-0.3,-0.10830117017,0.3,0.975201487541,-0.3
107,6.11187815666,0.149657219648,-0.3,-0.110188812017,-0.3,0.981773018837,-0.3
108,6.16326904297,0.150770500302,0.3,-0.112675428391,-0.3,0.985459029675,-0.3
109,6.21396994591,0.152489960194,-0.3,-0.110765852034,-0.3,0.988653421402,-0.3
110,6.26499414444,0.153542861342,-0.3,-0.112244851887,-0.3,0.98673170805,0.3
111,6.31534910202,0.153509363532,0.3,-0.114181622863,0.3,0.981420040131,0.3
112,6.36598515511,0.152423143387,0.3,-0.11849039048,0.3,0.973517715931,-0.3
113,6.41653108597,0.150722935796,0.3,-0.124785020947,0.3,0.965281367302,0.3
114,6.46701312065,0.151338204741,-0.3,-0.125745117664,-0.3,0.961154103279,0.3
115,6.51776909828,0.151415064931,-0.3,-0.128515467048,0.3,0.957895576954,-0.3
116,6.56837511063,0.151700794697,-0.3,-0.130267992616,0.3,0.959067046642,0.3
117,6.61878395081,0.152323409915,0.3,-0.130545601249,0.3,0.962009131908,-0.3
118,6.66868114471,0.153291881084,-0.3,-0.129139870405,-0.3,0.966357529163,0.3
119,6.72010111809,0.153861880302,-0.3,-0.127153292298,0.3,0.9703592062,0.3
120,6.77052998543,0.153146073222,-0.3,-0.125223606825,-0.3,0.974489092827,-0.3
121,6.82134103775,0.151064261794,-0.3,-0.122789390385,-0.3,0.980182290077,0.3
122,6.87188005447,0.148517102003,-0.3,-0.120382852852,-0.3,0.985171377659,0.3
123,6.92242598534,0.145417079329,0.3,-0.120187819004,0.3,0.989585578442,-0.3
124,6.97358298302,0.139843374491,0.3,-0.122458510101,0.3,0.995708882809,-0.3
125,7.02422308922,0.133666858077,-0.3,-0.125168398023,-0.3,1.002643466,0.3
126,7.0745639801,0.128582403064,-0.3,-0.128370791674,-0.3,1.00909280777,-0.3
127,7.12375402451,0.124250017107,-0.3,-0.131125479937,-0.3,1.01368784904,-0.3
128,7.17425704002,0.120073921978,0.3,-0.134509950876,-0.3,1.01965463161,-0.3
129,7.22513794899,0.116720862687,-0.3,-0.137567058206,-0.3,1.02541935444,0.3
130,7.27636003494,0.115450628102,-0.3,-0.141067266464,0.3,1.02844977379,-0.3
131,7.32691216469,0.114647939801,-0.3,-0.146695569158,-0.3,1.02983796597,-0.3
132,7.37741994858,0.1132029742,0.3,-0.154625639319,0.3,1.03317415714,0.3
133,7.42796707153,0.111381337047,0.3,-0.16410022974,-0.3,1.03631412983,-0.3
134,7.47734904289,0.109911717474,-0.3,-0.174960821867,-0.3,1.03703212738,-0.3
135,7.52849793434,0.107883095741,-0.3,-0.187372878194,-0.3,1.03380823135,-0.3
136,7.57964611053,0.103795111179,-0.3,-0.201600372791,0.3,1.02824902534,-0.3
137,7.6300599575,0.0972374975681,-0.3,-0.217203706503,0.3,1.02115726471,0.3
138,7.68087315559,0.0900208130479,0.3,-0.231514587998,-0.3,1.01037502289,-0.3
139,7.73208999634,0.0817340984941,-0.3,-0.244073882699,0.3,0.998519718647,0.3
140,7.78263497353,0.0711723789573,0.3,-0.25509467721,-0.3,0.988374829292,-0.3
141,7.8325779438,0.057734131813,-0.3,-0.264962106943,-0.3,0.979124546051,0.3
142,7.88317704201,0.0474097430706,0.3,-0.270248711109,0.3,0.97309166193,0.3
143,7.9337220192,0.0381122790277,0.3,-0.274403035641,0.3,0.968664050102,0.3
144,7.98434114456,0.0299398843199,0.3,-0.276868879795,-0.3,0.967479586601,-0.3
145,8.03486895561,0.0241660811007,-0.3,-0.276508003473,-0.3,0.969630897045,0.3
146,8.0853869915,0.020545290783,-0.3,-0.275531560183,-0.3,0.974223554134,0.3
147,8.1348221302,0.0181950200349,0.3,-0.274315357208,0.3,0.97946035862,0.3
148,8.18622899055,0.0162228606641,0.3,-0.273001134396,-0.3,0.985854804516,0.3
149,8.23696994781,0.0157263744622,0.3,-0.271303087473,-0.3,0.99285620451,0.3
150,8.28766107559,0.0163026340306,-0.3,-0.269346803427,0.3,1.00141382217,0.3
151,8.33805704117,0.0169075876474,0.3,-0.268246859312,0.3,1.01259565353,-0.3
152,8.38874101639,0.0175085291266,-0.3,-0.26652187109,0.3,1.02620398998,0.3
153,8.43909811974,0.0183879807591,-0.3,-0.263373434544,0.3,1.0391958952,0.3
154,8.49020195007,0.019943960011,0.3,-0.260703921318,-0.3,1.0511547327,-0.3
155,8.54086399078,0.0186686627567,-0.3,-0.257562786341,0.3,1.0625692606,-0.3
156,8.59143900871,0.0173320267349,0.3,-0.254460245371,0.3,1.0729932785,0.3
157,8.64125204086,0.0150827420875,0.3,-0.249137088656,-0.3,1.08064472675,0.3
158,8.69178295135,0.0121899126098,-0.3,-0.244137302041,0.3,1.08462464809,-0.3
159,8.74230504036,0.00967749021947,-0.3,-0.240195378661,-0.3,1.08788156509,0.3
160,8.79302310944,0.00680843787268,0.3,-0.236290663481,-0.3,1.09077763557,0.3
161,8.84342503548,0.00338020315394,-0.3,-0.232260912657,0.3,1.09290957451,0.3
162,8.89403414726,0.000214772822801,0.3,-0.229678317904,0.3,1.09546554089,0.3
163,8.94476413727,-0.00315338303335,0.3,-0.227946951985,0.3,1.0997492075,0.3
164,8.99529910088,-0.00724523654208,0.3,-0.226091533899,-0.3,1.10616409779,-0.3
165,9.04579305649,-0.00917026400566,-0.3,-0.223455518484,-0.3,1.11473762989,-0.3
166,9.09544897079,-0.00943146552891,0.3,-0.221790358424,-0.3,1.12280249596,0.3
167,9.14600014687,-0.00920092128217,-0.3,-0.220607832074,-0.3,1.128713727,-0.3
168,9.19755101204,-0.00790738966316,0.3,-0.219834372401,-0.3,1.13161170483,-0.3
169,9.24904513359,-0.00552066927776,-0.3,-0.221208587289,-0.3,1.13131022453,0.3
170,9.29915499687,-0.00153065356426,-0.3,-0.226346224546,0.3,1.12644445896,0.3
171,9.34963607788,0.00132164615206,-0.3,-0.233236223459,-0.3,1.12071704865,0.3
172,9.40022397041,0.00263201072812,0.3,-0.24077296257,0.3,1.11668872833,-0.3
173,9.45074105263,0.00210487074219,0.3,-0.248316511512,0.3,1.11506617069,0.3
174,9.50136995316,0.000709980493411,0.3,-0.255247801542,0.3,1.11407101154,0.3
175,9.55182099342,-0.00142220803536,-0.3,-0.259648472071,-0.3,1.11312031746,0.3
176,9.60242915154,-0.00399395590648,-0.3,-0.261158883572,-0.3,1.11456775665,-0.3
177,9.65299415588,-0.00774131715298,0.3,-0.260856211185,-0.3,1.11855006218,-0.3
178,9.70354914665,-0.00856107287109,-0.3,-0.261840999126,-0.3,1.12473547459,0.3
179,9.75417399406,-0.00899651180953,0.3,-0.262173652649,-0.3,1.12773418427,-0.3
180,9.80473208427,-0.00909744109958,-0.3,-0.263497203588,0.3,1.12969088554,-0.3
181,9.85544705391,-0.00857031159103,-0.3,-0.267282783985,0.3,1.13119423389,-0.3
182,9.90587115288,-0.00730635132641,0.3,-0.271398901939,-0.3,1.13058078289,-0.3
183,9.95707011223,-0.00578757049516,0.3,-0.274509340525,-0.3,1.12660717964,0.3
