,input thrust
0,0.0
1,0.0
2,0.0
3,10.0
4,20.0
5,20.0
6,30.0
7,40.0
8,50.0
9,60.0
10,70.0
11,80.0
12,90.0
13,100.0
14,110.0
15,120.0
16,130.0
17,140.0
18,150.0
19,160.0
20,170.0
21,180.0
22,190.0
23,200.0
24,210.0
25,220.0
26,230.0
27,240.0
28,250.0
29,250.0
30,260.0
31,270.0
32,280.0
33,290.0
34,300.0
35,310.0
36,320.0
37,330.0
38,340.0
39,350.0
40,360.0
41,370.0
42,380.0
43,390.0
44,400.0
45,410.0
46,420.0
47,430.0
48,440.0
49,450.0
50,460.0
51,470.0
52,480.0
53,490.0
54,500.0
55,510.0
56,520.0
57,530.0
58,540.0
59,550.0
60,560.0
61,570.0
62,580.0
63,590.0
64,600.0
65,610.0
66,620.0
67,630.0
68,640.0
69,650.0
70,660.0
71,670.0
72,680.0
73,690.0
74,700.0
75,710.0
76,720.0
77,730.0
78,740.0
79,750.0
80,760.0
81,770.0
82,780.0
83,790.0
84,800.0
85,810.0
86,820.0
87,830.0
88,840.0
89,850.0
90,860.0
91,870.0
92,880.0
93,890.0
94,900.0
95,910.0
96,920.0
97,930.0
98,940.0
99,950.0
100,960.0
101,970.0
102,980.0
103,990.0
104,1000.0
105,1010.0
106,1020.0
107,1030.0
108,1040.0
109,1050.0
110,1060.0
111,1070.0
112,1080.0
113,1090.0
114,1100.0
115,1110.0
116,1120.0
117,1130.0
118,1140.0
119,1150.0
120,1160.0
121,1170.0
122,1180.0
123,1180.0
124,1180.0
125,1190.0
126,1190.0
127,1200.0
128,1210.0
129,1220.0
130,1230.0
131,1240.0
132,1250.0
133,1260.0
134,1270.0
135,1280.0
136,1290.0
137,1300.0
138,1310.0
139,1320.0
140,1330.0
141,1340.0
142,1350.0
143,1360.0
144,1370.0
145,1380.0
146,1390.0
147,1400.0
148,1410.0
149,1420.0
150,1430.0
151,1440.0
152,1450.0
153,1460.0
154,1470.0
155,1480.0
156,1490.0
157,1500.0
158,1510.0
159,1520.0
160,1530.0
161,1540.0
162,1550.0
163,1560.0
164,1570.0
165,1580.0
166,1590.0
167,1600.0
168,1610.0
169,1620.0
170,1630.0
171,1640.0
172,1650.0
173,1660.0
174,1670.0
175,1680.0
176,1690.0
177,1700.0
178,1710.0
179,1720.0
180,1730.0
181,1740.0
182,1750.0
183,1760.0
184,1770.0
185,1780.0
186,1790.0
187,1800.0
188,1810.0
189,1820.0
190,1830.0
191,1840.0
192,1850.0
193,1860.0
194,1870.0
195,1880.0
196,1890.0
197,1900.0
198,1910.0
199,1920.0
200,1930.0
201,1940.0
202,1950.0
203,1960.0
204,1970.0
205,1980.0
206,1990.0
207,2000.0
208,2010.0
209,2020.0
210,2030.0
211,2040.0
212,2050.0
213,2060.0
214,2070.0
215,2080.0
216,2090.0
217,2100.0
218,2110.0
219,2120.0
220,2130.0
221,2140.0
222,2150.0
223,2160.0
224,2170.0
225,2180.0
226,2190.0
227,2200.0
228,2210.0
229,2220.0
230,2230.0
231,2240.0
232,2250.0
233,2260.0
234,2270.0
235,2280.0
236,2290.0
237,2300.0
238,2310.0
239,2320.0
240,2330.0
241,2340.0
242,2340.0
243,2350.0
244,2360.0
245,2370.0
246,2380.0
247,2390.0
248,2400.0
249,2410.0
250,2420.0
251,2430.0
252,2440.0
253,2450.0
254,2460.0
255,2470.0
256,2480.0
257,2490.0
258,2500.0
259,2510.0
260,2520.0
261,2520.0
262,2520.0
263,2520.0
264,2520.0
265,2520.0
266,2520.0
267,2520.0
268,2520.0
269,2520.0
270,2520.0
271,2520.0
272,2520.0
273,2520.0
274,2520.0
275,2520.0
276,2520.0
277,2520.0
278,2520.0
279,2520.0
280,2520.0
281,2520.0
282,2520.0
283,2520.0
284,2520.0
285,2520.0
286,2520.0
287,2520.0
288,2520.0
289,2520.0
290,2520.0
291,2520.0
292,2520.0
293,2510.0
294,2510.0
295,2500.0
296,2490.0
297,2480.0
298,2470.0
299,2460.0
300,2450.0
301,2440.0
302,2430.0
303,2420.0
304,2410.0
305,2400.0
306,2390.0
307,2380.0
308,2370.0
309,2360.0
310,2350.0
311,2340.0
312,2330.0
313,2320.0
314,2310.0
315,2300.0
316,2290.0
317,2280.0
318,2270.0
319,2260.0
320,2250.0
321,2240.0
322,2230.0
323,2220.0
324,2210.0
325,2200.0
326,2190.0
327,2180.0
328,2170.0
329,2160.0
330,2150.0
331,2140.0
332,2130.0
333,2120.0
334,2110.0
335,2100.0
336,2090.0
337,2080.0
338,2070.0
339,2060.0
340,2050.0
341,2040.0
342,2030.0
343,2020.0
344,2010.0
345,2000.0
346,1990.0
347,1980.0
348,1970.0
349,1960.0
350,1950.0
351,1940.0
352,1930.0
353,1920.0
354,1910.0
355,1900.0
356,1890.0
357,1880.0
358,1870.0
359,1860.0
360,1850.0
361,1840.0
362,1830.0
363,1820.0
364,1810.0
365,1800.0
366,1790.0
367,1780.0
368,1770.0
369,1760.0
370,1750.0
371,1740.0
372,1730.0
373,1720.0
374,1710.0
375,1700.0
376,1690.0
377,1680.0
378,1670.0
379,1660.0
380,1650.0
381,1640.0
382,1630.0
383,1620.0
384,1610.0
385,1600.0
386,1590.0
387,1580.0
388,1570.0
389,1560.0
390,1550.0
391,1540.0
392,1530.0
393,1520.0
394,1510.0
395,1500.0
396,1490.0
397,1480.0
398,1470.0
399,1460.0
400,1450.0
401,1440.0
402,1430.0
403,1420.0
404,1410.0
405,1400.0
406,1390.0
407,1380.0
408,1370.0
409,1360.0
410,1350.0
411,1340.0
412,1330.0
413,1320.0
414,1310.0
415,1300.0
416,1290.0
417,1280.0
418,1270.0
419,1260.0
420,1250.0
421,1240.0
422,1230.0
423,1220.0
424,1210.0
425,1200.0
426,1190.0
427,1180.0
428,1170.0
429,1160.0
430,1150.0
431,1140.0
432,1130.0
433,1120.0
434,1110.0
435,1100.0
436,1090.0
437,1080.0
438,1070.0
439,1060.0
440,1050.0
441,1040.0
442,1030.0
443,1020.0
444,1010.0
445,1000.0
446,990.0
447,980.0
448,970.0
449,960.0
450,950.0
451,940.0
452,930.0
453,920.0
454,910.0
455,900.0
456,890.0
457,880.0
458,870.0
459,860.0
460,850.0
461,840.0
462,830.0
463,820.0
464,810.0
465,800.0
466,790.0
467,780.0
468,770.0
469,760.0
470,750.0
471,740.0
472,730.0
473,720.0
474,710.0
475,700.0
476,690.0
477,680.0
478,670.0
479,660.0
480,650.0
481,640.0
482,630.0
483,620.0
484,610.0
485,600.0
486,590.0
487,580.0
488,570.0
489,560.0
490,550.0
491,540.0
492,530.0
493,520.0
494,510.0
495,500.0
496,490.0
497,480.0
498,470.0
499,460.0
500,450.0
501,440.0
502,430.0
503,420.0
504,410.0
505,400.0
506,390.0
507,380.0
508,370.0
509,360.0
510,350.0
511,340.0
512,330.0
513,320.0
514,310.0
515,300.0
516,290.0
517,280.0
518,270.0
519,260.0
520,250.0
521,250.0
522,250.0
523,250.0
524,250.0
525,250.0
526,250.0
527,250.0
528,250.0
529,250.0
530,250.0
531,250.0
532,250.0
533,250.0
534,250.0
535,250.0
536,250.0
537,250.0
538,250.0
539,250.0
540,250.0
541,250.0
542,250.0
543,250.0
544,250.0
545,250.0
546,250.0
547,250.0
548,250.0
549,250.0
550,250.0
551,250.0
552,250.0
553,250.0
554,250.0
555,250.0
556,250.0
557,250.0
558,250.0
559,250.0
560,250.0
561,250.0
562,250.0
563,250.0
564,250.0
565,250.0
566,250.0
567,250.0
568,250.0
569,250.0
570,250.0
571,250.0
572,250.0
573,250.0
574,250.0
575,260.0
576,270.0
577,280.0
578,290.0
579,300.0
580,310.0
581,320.0
582,330.0
583,340.0
584,350.0
585,360.0
586,370.0
587,380.0
588,390.0
589,400.0
590,410.0
591,420.0
592,430.0
593,440.0
594,450.0
595,460.0
596,470.0
597,480.0
598,490.0
599,500.0
600,510.0
601,520.0
602,530.0
603,540.0
604,550.0
605,560.0
606,570.0
607,580.0
608,590.0
609,600.0
610,610.0
611,620.0
612,630.0
613,640.0
614,650.0
615,660.0
616,670.0
617,680.0
618,690.0
619,700.0
620,710.0
621,720.0
622,730.0
623,740.0
624,750.0
625,760.0
626,770.0
627,780.0
628,790.0
629,800.0
630,810.0
631,820.0
632,830.0
633,840.0
634,850.0
635,860.0
636,870.0
637,880.0
638,890.0
639,900.0
640,910.0
641,920.0
642,930.0
643,940.0
644,950.0
645,960.0
646,970.0
647,980.0
648,990.0
649,1000.0
650,1010.0
651,1020.0
652,1030.0
653,1040.0
654,1050.0
655,1060.0
656,1070.0
657,1080.0
658,1090.0
659,1100.0
660,1110.0
661,1120.0
662,1130.0
663,1140.0
664,1150.0
665,1160.0
666,1170.0
667,1180.0
668,1190.0
669,1200.0
670,1210.0
671,1220.0
672,1230.0
673,1240.0
674,1250.0
675,1260.0
676,1270.0
677,1280.0
678,1290.0
679,1300.0
680,1310.0
681,1320.0
682,1330.0
683,1340.0
684,1350.0
685,1360.0
686,1370.0
687,1380.0
688,1390.0
689,1400.0
690,1410.0
691,1420.0
692,1430.0
693,1440.0
694,1450.0
695,1460.0
696,1470.0
697,1480.0
698,1490.0
699,1500.0
700,1510.0
701,1520.0
702,1530.0
703,1540.0
704,1550.0
705,1560.0
706,1570.0
707,1580.0
708,1590.0
709,1600.0
710,1610.0
711,1620.0
712,1630.0
713,1640.0
714,1650.0
715,1660.0
716,1670.0
717,1680.0
718,1690.0
719,1700.0
720,1710.0
721,1720.0
722,1730.0
723,1740.0
724,1750.0
725,1760.0
726,1770.0
727,1780.0
728,1790.0
729,1800.0
730,1810.0
731,1820.0
732,1830.0
733,1840.0
734,1850.0
735,1860.0
736,1870.0
737,1880.0
738,1890.0
739,1900.0
740,1910.0
741,1920.0
742,1930.0
743,1940.0
744,1950.0
745,1960.0
746,1970.0
747,1980.0
748,1990.0
749,2000.0
750,2010.0
751,2020.0
752,2030.0
753,2040.0
754,2050.0
755,2060.0
756,2070.0
757,2080.0
758,2090.0
759,2100.0
760,2110.0
761,2120.0
762,2130.0
763,2140.0
764,2150.0
765,2160.0
766,2170.0
767,2180.0
768,2190.0
769,2200.0
770,2210.0
771,2220.0
772,2230.0
773,2240.0
774,2250.0
775,2260.0
776,2270.0
777,2280.0
778,2290.0
779,2300.0
780,2310.0
781,2320.0
782,2330.0
783,2340.0
784,2350.0
785,2360.0
786,2370.0
787,2380.0
788,2390.0
789,2400.0
790,2410.0
791,2420.0
792,2430.0
793,2430.0
794,2440.0
795,2450.0
796,2460.0
797,2470.0
798,2480.0
799,2490.0
800,2500.0
801,2510.0
802,2510.0
803,2510.0
804,2510.0
805,2510.0
806,2510.0
807,2510.0
808,2510.0
809,2510.0
810,2510.0
811,2510.0
812,2510.0
813,2510.0
814,2510.0
815,2510.0
816,2510.0
817,2510.0
818,2510.0
819,2510.0
820,2510.0
821,2510.0
822,2510.0
823,2510.0
824,2510.0
825,2510.0
826,2510.0
827,2510.0
828,2510.0
829,2510.0
830,2510.0
831,2510.0
832,2510.0
833,2510.0
834,2510.0
835,2510.0
836,2520.0
837,2520.0
838,2530.0
839,2540.0
840,2550.0
841,2560.0
842,2570.0
843,2580.0
844,2590.0
845,2600.0
846,2610.0
847,2620.0
848,2630.0
849,2640.0
850,2650.0
851,2660.0
852,2670.0
853,2680.0
854,2690.0
855,2700.0
856,2710.0
857,2720.0
858,2730.0
859,2740.0
860,2750.0
861,2760.0
862,2770.0
863,2780.0
864,2790.0
865,2800.0
866,2810.0
867,2820.0
868,2830.0
869,2840.0
870,2850.0
871,2860.0
872,2870.0
873,2880.0
874,2890.0
875,2900.0
876,2910.0
877,2920.0
878,2930.0
879,2940.0
880,2950.0
881,2960.0
882,2970.0
883,2980.0
884,2990.0
885,3000.0
886,3010.0
887,3020.0
888,3030.0
889,3040.0
890,3050.0
891,3060.0
892,3070.0
893,3080.0
894,3090.0
895,3100.0
896,3110.0
897,3120.0
898,3130.0
899,3140.0
900,3150.0
901,3160.0
902,3170.0
903,3180.0
904,3190.0
905,3200.0
906,3210.0
907,3220.0
908,3230.0
909,3240.0
910,3250.0
911,3260.0
912,3270.0
913,3280.0
914,3290.0
915,3300.0
916,3310.0
917,3320.0
918,3330.0
919,3340.0
920,3350.0
921,3360.0
922,3370.0
923,3380.0
924,3390.0
925,3400.0
926,3410.0
927,3420.0
928,3430.0
929,3440.0
930,3450.0
931,3460.0
932,3470.0
933,3480.0
934,3490.0
935,3500.0
936,3510.0
937,3520.0
938,3530.0
939,3540.0
940,3550.0
941,3560.0
942,3570.0
943,3580.0
944,3590.0
945,3600.0
946,3610.0
947,3620.0
948,3630.0
949,3640.0
950,3650.0
951,3660.0
952,3670.0
953,3680.0
954,3690.0
955,3700.0
956,3710.0
957,3720.0
958,3730.0
959,3740.0
960,3750.0
961,3760.0
962,3770.0
963,3780.0
964,3790.0
965,3800.0
966,3810.0
967,3820.0
968,3830.0
969,3840.0
970,3850.0
971,3860.0
972,3870.0
973,3880.0
974,3890.0
975,3900.0
976,3910.0
977,3920.0
978,3930.0
979,3940.0
980,3950.0
981,3960.0
982,3970.0
983,3980.0
984,3990.0
985,4000.0
986,4010.0
987,4020.0
988,4030.0
989,4040.0
990,4050.0
991,4060.0
992,4070.0
993,4080.0
994,4090.0
995,4100.0
996,4110.0
997,4120.0
998,4130.0
999,4140.0
1000,4150.0
1001,4160.0
1002,4170.0
1003,4180.0
1004,4190.0
1005,4200.0
1006,4210.0
1007,4220.0
1008,4230.0
1009,4240.0
1010,4250.0
1011,4260.0
1012,4270.0
1013,4280.0
1014,4290.0
1015,4300.0
1016,4310.0
1017,4320.0
1018,4330.0
1019,4340.0
1020,4350.0
1021,4360.0
1022,4370.0
1023,4380.0
1024,4390.0
1025,4400.0
1026,4410.0
1027,4420.0
1028,4430.0
1029,4440.0
1030,4450.0
1031,4460.0
1032,4470.0
1033,4480.0
1034,4490.0
1035,4500.0
1036,4510.0
1037,4520.0
1038,4530.0
1039,4540.0
1040,4550.0
1041,4560.0
1042,4570.0
1043,4580.0
1044,4590.0
1045,4600.0
1046,4610.0
1047,4620.0
1048,4630.0
1049,4640.0
1050,4650.0
1051,4660.0
1052,4670.0
1053,4680.0
1054,4690.0
1055,4700.0
1056,4710.0
1057,4720.0
1058,4730.0
1059,4740.0
1060,4750.0
1061,4760.0
1062,4770.0
1063,4780.0
1064,4790.0
1065,4800.0
1066,4810.0
1067,4820.0
1068,4830.0
1069,4840.0
1070,4850.0
1071,4860.0
1072,4870.0
1073,4880.0
1074,4890.0
1075,4900.0
1076,4910.0
1077,4920.0
1078,4930.0
1079,4930.0
1080,4940.0
1081,4950.0
1082,4950.0
1083,4960.0
1084,4970.0
1085,4980.0
1086,4990.0
1087,5000.0
1088,5010.0
1089,5020.0
1090,5030.0
1091,5040.0
1092,5040.0
1093,5040.0
1094,5040.0
1095,5040.0
1096,5040.0
1097,5040.0
1098,5040.0
1099,5040.0
1100,5040.0
1101,5030.0
1102,5020.0
1103,5010.0
1104,5010.0
1105,5000.0
1106,5000.0
1107,5000.0
1108,5000.0
1109,5000.0
1110,5000.0
1111,5000.0
1112,5000.0
1113,5000.0
1114,5000.0
1115,5000.0
1116,5000.0
1117,5000.0
1118,5000.0
1119,5000.0
1120,5000.0
1121,5000.0
1122,5000.0
1123,5000.0
1124,5000.0
1125,5000.0
1126,5000.0
1127,5000.0
1128,5000.0
1129,5010.0
1130,5010.0
1131,5020.0
1132,5030.0
1133,5040.0
1134,5050.0
1135,5060.0
1136,5070.0
1137,5080.0
1138,5090.0
1139,5100.0
1140,5110.0
1141,5120.0
1142,5130.0
1143,5140.0
1144,5150.0
1145,5160.0
1146,5170.0
1147,5180.0
1148,5190.0
1149,5200.0
1150,5210.0
1151,5220.0
1152,5230.0
1153,5240.0
1154,5250.0
1155,5260.0
1156,5270.0
1157,5280.0
1158,5290.0
1159,5300.0
1160,5310.0
1161,5320.0
1162,5330.0
1163,5340.0
1164,5350.0
1165,5360.0
1166,5370.0
1167,5380.0
1168,5390.0
1169,5400.0
1170,5410.0
1171,5420.0
1172,5430.0
1173,5440.0
1174,5450.0
1175,5460.0
1176,5470.0
1177,5480.0
1178,5490.0
1179,5500.0
1180,5510.0
1181,5520.0
1182,5530.0
1183,5540.0
1184,5550.0
1185,5560.0
1186,5570.0
1187,5580.0
1188,5590.0
1189,5600.0
1190,5610.0
1191,5620.0
1192,5630.0
1193,5640.0
1194,5650.0
1195,5660.0
1196,5670.0
1197,5680.0
1198,5690.0
1199,5700.0
1200,5710.0
1201,5720.0
1202,5730.0
1203,5740.0
1204,5750.0
1205,5760.0
1206,5770.0
1207,5780.0
1208,5790.0
1209,5800.0
1210,5810.0
1211,5820.0
1212,5830.0
1213,5840.0
1214,5850.0
1215,5860.0
1216,5870.0
1217,5880.0
1218,5890.0
1219,5900.0
1220,5910.0
1221,5920.0
1222,5930.0
1223,5940.0
1224,5950.0
1225,5960.0
1226,5970.0
1227,5980.0
1228,5990.0
1229,6000.0
1230,6010.0
1231,6020.0
1232,6030.0
1233,6040.0
1234,6050.0
1235,6060.0
1236,6070.0
1237,6080.0
1238,6090.0
1239,6100.0
1240,6110.0
1241,6120.0
1242,6130.0
1243,6140.0
1244,6150.0
1245,6160.0
1246,6170.0
1247,6180.0
1248,6190.0
1249,6200.0
1250,6210.0
1251,6220.0
1252,6230.0
1253,6240.0
1254,6250.0
1255,6260.0
1256,6270.0
1257,6280.0
1258,6290.0
1259,6300.0
1260,6310.0
1261,6320.0
1262,6330.0
1263,6340.0
1264,6350.0
1265,6360.0
1266,6370.0
1267,6380.0
1268,6390.0
1269,6400.0
1270,6410.0
1271,6420.0
1272,6430.0
1273,6440.0
1274,6450.0
1275,6460.0
1276,6470.0
1277,6480.0
1278,6490.0
1279,6500.0
1280,6510.0
1281,6520.0
1282,6530.0
1283,6540.0
1284,6550.0
1285,6560.0
1286,6570.0
1287,6580.0
1288,6590.0
1289,6600.0
1290,6610.0
1291,6620.0
1292,6630.0
1293,6640.0
1294,6650.0
1295,6660.0
1296,6670.0
1297,6680.0
1298,6690.0
1299,6700.0
1300,6710.0
1301,6720.0
1302,6730.0
1303,6740.0
1304,6750.0
1305,6760.0
1306,6770.0
1307,6780.0
1308,6790.0
1309,6800.0
1310,6810.0
1311,6820.0
1312,6830.0
1313,6840.0
1314,6850.0
1315,6860.0
1316,6870.0
1317,6880.0
1318,6890.0
1319,6900.0
1320,6910.0
1321,6920.0
1322,6930.0
1323,6940.0
1324,6950.0
1325,6960.0
1326,6970.0
1327,6980.0
1328,6990.0
1329,7000.0
1330,7010.0
1331,7020.0
1332,7030.0
1333,7040.0
1334,7050.0
1335,7060.0
1336,7070.0
1337,7080.0
1338,7090.0
1339,7100.0
1340,7110.0
1341,7120.0
1342,7130.0
1343,7140.0
1344,7150.0
1345,7160.0
1346,7170.0
1347,7180.0
1348,7190.0
1349,7200.0
1350,7210.0
1351,7220.0
1352,7230.0
1353,7240.0
1354,7250.0
1355,7260.0
1356,7270.0
1357,7280.0
1358,7290.0
1359,7300.0
1360,7310.0
1361,7320.0
1362,7330.0
1363,7340.0
1364,7350.0
1365,7360.0
1366,7370.0
1367,7380.0
1368,7390.0
1369,7400.0
1370,7410.0
1371,7420.0
1372,7430.0
1373,7440.0
1374,7450.0
1375,7450.0
1376,7460.0
1377,7470.0
1378,7480.0
1379,7490.0
1380,7490.0
1381,7500.0
1382,7500.0
1383,7500.0
1384,7500.0
1385,7500.0
1386,7500.0
1387,7500.0
1388,7500.0
1389,7500.0
1390,7500.0
1391,7500.0
1392,7500.0
1393,7500.0
1394,7500.0
1395,7500.0
1396,7500.0
1397,7500.0
1398,7500.0
1399,7500.0
1400,7500.0
1401,7500.0
1402,7500.0
1403,7500.0
1404,7500.0
1405,7500.0
1406,7500.0
1407,7500.0
1408,7500.0
1409,7500.0
1410,7500.0
1411,7500.0
1412,7500.0
1413,7500.0
1414,7500.0
1415,7500.0
1416,7500.0
1417,7500.0
1418,7500.0
1419,7500.0
1420,7500.0
1421,7500.0
1422,7500.0
1423,7500.0
1424,7500.0
1425,7510.0
1426,7510.0
1427,7520.0
1428,7530.0
1429,7540.0
1430,7550.0
1431,7560.0
1432,7570.0
1433,7580.0
1434,7590.0
1435,7600.0
1436,7610.0
1437,7620.0
1438,7630.0
1439,7640.0
1440,7650.0
1441,7660.0
1442,7670.0
1443,7680.0
1444,7690.0
1445,7700.0
1446,7710.0
1447,7720.0
1448,7730.0
1449,7740.0
1450,7750.0
1451,7760.0
1452,7770.0
1453,7780.0
1454,7790.0
1455,7800.0
1456,7810.0
1457,7820.0
1458,7830.0
1459,7840.0
1460,7850.0
1461,7860.0
1462,7870.0
1463,7880.0
1464,7890.0
1465,7900.0
1466,7910.0
1467,7920.0
1468,7930.0
1469,7940.0
1470,7950.0
1471,7960.0
1472,7970.0
1473,7980.0
1474,7990.0
1475,8000.0
1476,8010.0
1477,8020.0
1478,8030.0
1479,8040.0
1480,8050.0
1481,8060.0
1482,8070.0
1483,8080.0
1484,8090.0
1485,8100.0
1486,8110.0
1487,8120.0
1488,8130.0
1489,8140.0
1490,8150.0
1491,8160.0
1492,8170.0
1493,8180.0
1494,8190.0
1495,8200.0
1496,8210.0
1497,8220.0
1498,8230.0
1499,8240.0
1500,8250.0
1501,8260.0
1502,8270.0
1503,8280.0
1504,8290.0
1505,8300.0
1506,8310.0
1507,8320.0
1508,8330.0
1509,8340.0
1510,8350.0
1511,8360.0
1512,8370.0
1513,8380.0
1514,8390.0
1515,8400.0
1516,8410.0
1517,8420.0
1518,8430.0
1519,8440.0
1520,8450.0
1521,8460.0
1522,8470.0
1523,8480.0
1524,8490.0
1525,8500.0
1526,8510.0
1527,8520.0
1528,8530.0
1529,8540.0
1530,8550.0
1531,8560.0
1532,8570.0
1533,8580.0
1534,8590.0
1535,8600.0
1536,8610.0
1537,8620.0
1538,8630.0
1539,8640.0
1540,8650.0
1541,8660.0
1542,8670.0
1543,8680.0
1544,8690.0
1545,8700.0
1546,8710.0
1547,8720.0
1548,8730.0
1549,8740.0
1550,8750.0
1551,8760.0
1552,8770.0
1553,8780.0
1554,8790.0
1555,8800.0
1556,8810.0
1557,8820.0
1558,8830.0
1559,8840.0
1560,8850.0
1561,8860.0
1562,8870.0
1563,8880.0
1564,8890.0
1565,8900.0
1566,8910.0
1567,8920.0
1568,8930.0
1569,8940.0
1570,8950.0
1571,8960.0
1572,8970.0
1573,8980.0
1574,8990.0
1575,9000.0
1576,9010.0
1577,9020.0
1578,9030.0
1579,9040.0
1580,9050.0
1581,9060.0
1582,9070.0
1583,9080.0
1584,9090.0
1585,9100.0
1586,9110.0
1587,9120.0
1588,9130.0
1589,9140.0
1590,9150.0
1591,9160.0
1592,9170.0
1593,9180.0
1594,9190.0
1595,9200.0
1596,9210.0
1597,9220.0
1598,9230.0
1599,9240.0
1600,9250.0
1601,9260.0
1602,9270.0
1603,9280.0
1604,9290.0
1605,9300.0
1606,9310.0
1607,9320.0
1608,9330.0
1609,9340.0
1610,9350.0
1611,9360.0
1612,9370.0
1613,9380.0
1614,9390.0
1615,9400.0
1616,9410.0
1617,9420.0
1618,9430.0
1619,9440.0
1620,9450.0
1621,9460.0
1622,9470.0
1623,9480.0
1624,9490.0
1625,9500.0
1626,9510.0
1627,9520.0
1628,9530.0
1629,9540.0
1630,9550.0
1631,9560.0
1632,9570.0
1633,9580.0
1634,9590.0
1635,9600.0
1636,9610.0
1637,9620.0
1638,9630.0
1639,9640.0
1640,9650.0
1641,9660.0
1642,9670.0
1643,9680.0
1644,9690.0
1645,9700.0
1646,9710.0
1647,9720.0
1648,9730.0
1649,9740.0
1650,9750.0
1651,9760.0
1652,9770.0
1653,9780.0
1654,9790.0
1655,9800.0
1656,9810.0
1657,9820.0
1658,9830.0
1659,9840.0
1660,9850.0
1661,9860.0
1662,9870.0
1663,9880.0
1664,9890.0
1665,9900.0
1666,9910.0
1667,9920.0
1668,9930.0
1669,9940.0
1670,9950.0
1671,9960.0
1672,9970.0
1673,9980.0
1674,9990.0
1675,10000.0
1676,10010.0
1677,10020.0
1678,10020.0
1679,10020.0
1680,10020.0
1681,10020.0
1682,10020.0
1683,10010.0
1684,10000.0
1685,10000.0
1686,10000.0
1687,10000.0
1688,10000.0
1689,10000.0
1690,10000.0
1691,10000.0
1692,10000.0
1693,10000.0
1694,10000.0
1695,10000.0
1696,10000.0
1697,10000.0
1698,10000.0
1699,10000.0
1700,10000.0
1701,10000.0
1702,10000.0
1703,10000.0
1704,10000.0
1705,10000.0
1706,10000.0
1707,10000.0
1708,10000.0
1709,10000.0
1710,10000.0
1711,10000.0
1712,10000.0
1713,10000.0
1714,10000.0
1715,10000.0
1716,10000.0
1717,10000.0
1718,10000.0
1719,10000.0
1720,10000.0
1721,10000.0
1722,10000.0
1723,10000.0
1724,10000.0
1725,10000.0
1726,10000.0
1727,10000.0
1728,10000.0
1729,10000.0
1730,10000.0
1731,10010.0
1732,10010.0
1733,10020.0
1734,10030.0
1735,10040.0
1736,10050.0
1737,10060.0
1738,10070.0
1739,10080.0
1740,10090.0
1741,10100.0
1742,10110.0
1743,10120.0
1744,10130.0
1745,10140.0
1746,10150.0
1747,10160.0
1748,10170.0
1749,10180.0
1750,10190.0
1751,10200.0
1752,10210.0
1753,10220.0
1754,10230.0
1755,10240.0
1756,10250.0
1757,10260.0
1758,10270.0
1759,10280.0
1760,10290.0
1761,10300.0
1762,10310.0
1763,10320.0
1764,10330.0
1765,10340.0
1766,10350.0
1767,10360.0
1768,10370.0
1769,10380.0
1770,10390.0
1771,10400.0
1772,10410.0
1773,10420.0
1774,10430.0
1775,10440.0
1776,10450.0
1777,10460.0
1778,10470.0
1779,10480.0
1780,10490.0
1781,10500.0
1782,10510.0
1783,10520.0
1784,10530.0
1785,10540.0
1786,10550.0
1787,10560.0
1788,10570.0
1789,10580.0
1790,10590.0
1791,10600.0
1792,10610.0
1793,10620.0
1794,10630.0
1795,10640.0
1796,10650.0
1797,10660.0
1798,10670.0
1799,10680.0
1800,10690.0
1801,10700.0
1802,10710.0
1803,10720.0
1804,10730.0
1805,10740.0
1806,10750.0
1807,10760.0
1808,10770.0
1809,10780.0
1810,10790.0
1811,10800.0
1812,10810.0
1813,10820.0
1814,10830.0
1815,10840.0
1816,10850.0
1817,10860.0
1818,10870.0
1819,10880.0
1820,10890.0
1821,10900.0
1822,10910.0
1823,10920.0
1824,10930.0
1825,10940.0
1826,10950.0
1827,10960.0
1828,10970.0
1829,10980.0
1830,10990.0
1831,11000.0
1832,11010.0
1833,11020.0
1834,11030.0
1835,11040.0
1836,11050.0
1837,11060.0
1838,11070.0
1839,11080.0
1840,11090.0
1841,11100.0
1842,11110.0
1843,11120.0
1844,11130.0
1845,11140.0
1846,11150.0
1847,11160.0
1848,11170.0
1849,11180.0
1850,11190.0
1851,11200.0
1852,11210.0
1853,11220.0
1854,11230.0
1855,11240.0
1856,11250.0
1857,11260.0
1858,11270.0
1859,11280.0
1860,11290.0
1861,11300.0
1862,11310.0
1863,11320.0
1864,11330.0
1865,11340.0
1866,11350.0
1867,11360.0
1868,11370.0
1869,11380.0
1870,11390.0
1871,11400.0
1872,11410.0
1873,11420.0
1874,11430.0
1875,11440.0
1876,11450.0
1877,11460.0
1878,11470.0
1879,11480.0
1880,11490.0
1881,11500.0
1882,11510.0
1883,11520.0
1884,11530.0
1885,11540.0
1886,11550.0
1887,11560.0
1888,11570.0
1889,11580.0
1890,11590.0
1891,11600.0
1892,11610.0
1893,11620.0
1894,11630.0
1895,11640.0
1896,11650.0
1897,11660.0
1898,11670.0
1899,11680.0
1900,11690.0
1901,11700.0
1902,11710.0
1903,11720.0
1904,11730.0
1905,11740.0
1906,11750.0
1907,11760.0
1908,11770.0
1909,11780.0
1910,11790.0
1911,11800.0
1912,11810.0
1913,11820.0
1914,11830.0
1915,11840.0
1916,11850.0
1917,11860.0
1918,11870.0
1919,11880.0
1920,11890.0
1921,11900.0
1922,11910.0
1923,11920.0
1924,11930.0
1925,11940.0
1926,11950.0
1927,11960.0
1928,11970.0
1929,11980.0
1930,11990.0
1931,12000.0
1932,12010.0
1933,12020.0
1934,12030.0
1935,12040.0
1936,12050.0
1937,12060.0
1938,12070.0
1939,12080.0
1940,12090.0
1941,12100.0
1942,12110.0
1943,12120.0
1944,12130.0
1945,12140.0
1946,12150.0
1947,12160.0
1948,12170.0
1949,12180.0
1950,12190.0
1951,12200.0
1952,12210.0
1953,12220.0
1954,12230.0
1955,12240.0
1956,12250.0
1957,12260.0
1958,12270.0
1959,12280.0
1960,12290.0
1961,12300.0
1962,12310.0
1963,12320.0
1964,12330.0
1965,12340.0
1966,12350.0
1967,12360.0
1968,12370.0
1969,12380.0
1970,12390.0
1971,12400.0
1972,12410.0
1973,12420.0
1974,12430.0
1975,12440.0
1976,12450.0
1977,12460.0
1978,12470.0
1979,12480.0
1980,12490.0
1981,12500.0
1982,12500.0
1983,12500.0
1984,12500.0
1985,12500.0
1986,12500.0
1987,12500.0
1988,12500.0
1989,12500.0
1990,12500.0
1991,12500.0
1992,12500.0
1993,12500.0
1994,12500.0
1995,12500.0
1996,12500.0
1997,12500.0
1998,12500.0
1999,12500.0
2000,12500.0
2001,12500.0
2002,12500.0
2003,12500.0
2004,12500.0
2005,12500.0
2006,12500.0
2007,12500.0
2008,12500.0
2009,12500.0
2010,12500.0
2011,12500.0
2012,12500.0
2013,12500.0
2014,12500.0
2015,12500.0
2016,12500.0
2017,12500.0
2018,12500.0
2019,12500.0
2020,12500.0
2021,12500.0
2022,12500.0
2023,12500.0
2024,12500.0
2025,12500.0
2026,12500.0
2027,12500.0
2028,12500.0
2029,12500.0
2030,12510.0
2031,12510.0
2032,12520.0
2033,12530.0
2034,12540.0
2035,12550.0
2036,12560.0
2037,12570.0
2038,12580.0
2039,12590.0
2040,12600.0
2041,12610.0
2042,12620.0
2043,12630.0
2044,12640.0
2045,12650.0
2046,12660.0
2047,12670.0
2048,12680.0
2049,12690.0
2050,12700.0
2051,12710.0
2052,12720.0
2053,12730.0
2054,12740.0
2055,12750.0
2056,12760.0
2057,12770.0
2058,12780.0
2059,12790.0
2060,12800.0
2061,12810.0
2062,12820.0
2063,12830.0
2064,12840.0
2065,12850.0
2066,12860.0
2067,12870.0
2068,12880.0
2069,12890.0
2070,12900.0
2071,12910.0
2072,12920.0
2073,12930.0
2074,12940.0
2075,12950.0
2076,12960.0
2077,12970.0
2078,12980.0
2079,12990.0
2080,13000.0
2081,13010.0
2082,13020.0
2083,13030.0
2084,13040.0
2085,13050.0
2086,13060.0
2087,13070.0
2088,13080.0
2089,13090.0
2090,13100.0
2091,13110.0
2092,13120.0
2093,13130.0
2094,13140.0
2095,13150.0
2096,13160.0
2097,13170.0
2098,13180.0
2099,13190.0
2100,13200.0
2101,13210.0
2102,13220.0
2103,13230.0
2104,13240.0
2105,13250.0
2106,13260.0
2107,13270.0
2108,13280.0
2109,13290.0
2110,13300.0
2111,13310.0
2112,13320.0
2113,13330.0
2114,13340.0
2115,13350.0
2116,13360.0
2117,13370.0
2118,13380.0
2119,13390.0
2120,13400.0
2121,13410.0
2122,13420.0
2123,13430.0
2124,13440.0
2125,13450.0
2126,13460.0
2127,13470.0
2128,13480.0
2129,13490.0
2130,13500.0
2131,13510.0
2132,13520.0
2133,13530.0
2134,13540.0
2135,13550.0
2136,13560.0
2137,13570.0
2138,13580.0
2139,13590.0
2140,13600.0
2141,13610.0
2142,13620.0
2143,13630.0
2144,13640.0
2145,13650.0
2146,13660.0
2147,13670.0
2148,13680.0
2149,13690.0
2150,13700.0
2151,13710.0
2152,13720.0
2153,13730.0
2154,13740.0
2155,13750.0
2156,13760.0
2157,13770.0
2158,13780.0
2159,13790.0
2160,13800.0
2161,13810.0
2162,13820.0
2163,13830.0
2164,13840.0
2165,13850.0
2166,13860.0
2167,13870.0
2168,13880.0
2169,13890.0
2170,13900.0
2171,13910.0
2172,13920.0
2173,13930.0
2174,13940.0
2175,13950.0
2176,13960.0
2177,13970.0
2178,13980.0
2179,13990.0
2180,14000.0
2181,14010.0
2182,14020.0
2183,14030.0
2184,14040.0
2185,14050.0
2186,14060.0
2187,14070.0
2188,14080.0
2189,14090.0
2190,14100.0
2191,14110.0
2192,14120.0
2193,14130.0
2194,14140.0
2195,14150.0
2196,14160.0
2197,14170.0
2198,14180.0
2199,14190.0
2200,14200.0
2201,14210.0
2202,14220.0
2203,14230.0
2204,14240.0
2205,14250.0
2206,14260.0
2207,14270.0
2208,14280.0
2209,14290.0
2210,14300.0
2211,14310.0
2212,14320.0
2213,14330.0
2214,14340.0
2215,14350.0
2216,14360.0
2217,14370.0
2218,14380.0
2219,14390.0
2220,14400.0
2221,14410.0
2222,14420.0
2223,14430.0
2224,14440.0
2225,14450.0
2226,14460.0
2227,14470.0
2228,14480.0
2229,14490.0
2230,14500.0
2231,14510.0
2232,14520.0
2233,14530.0
2234,14540.0
2235,14550.0
2236,14560.0
2237,14570.0
2238,14580.0
2239,14590.0
2240,14600.0
2241,14610.0
2242,14620.0
2243,14630.0
2244,14640.0
2245,14650.0
2246,14660.0
2247,14670.0
2248,14680.0
2249,14690.0
2250,14700.0
2251,14710.0
2252,14720.0
2253,14730.0
2254,14740.0
2255,14750.0
2256,14760.0
2257,14770.0
2258,14780.0
2259,14790.0
2260,14800.0
2261,14810.0
2262,14820.0
2263,14830.0
2264,14840.0
2265,14850.0
2266,14860.0
2267,14870.0
2268,14880.0
2269,14890.0
2270,14900.0
2271,14910.0
2272,14920.0
2273,14930.0
2274,14940.0
2275,14950.0
2276,14960.0
2277,14970.0
2278,14980.0
2279,14990.0
2280,15000.0
2281,15000.0
2282,15000.0
2283,15000.0
2284,15000.0
2285,15000.0
2286,15000.0
2287,15000.0
2288,15000.0
2289,15000.0
2290,15000.0
2291,15000.0
2292,15000.0
2293,15000.0
2294,15000.0
2295,15000.0
2296,15000.0
2297,15000.0
2298,15000.0
2299,15000.0
2300,15000.0
2301,15000.0
2302,15000.0
2303,15000.0
2304,15000.0
2305,15000.0
2306,15000.0
2307,15000.0
2308,15000.0
2309,15000.0
2310,15000.0
2311,15000.0
2312,15000.0
2313,15000.0
2314,15000.0
2315,15000.0
2316,15000.0
2317,15000.0
2318,15000.0
2319,15000.0
2320,15000.0
2321,15000.0
2322,15000.0
2323,15010.0
2324,15010.0
2325,15020.0
2326,15030.0
2327,15040.0
2328,15050.0
2329,15060.0
2330,15070.0
2331,15080.0
2332,15090.0
2333,15100.0
2334,15110.0
2335,15120.0
2336,15130.0
2337,15140.0
2338,15150.0
2339,15160.0
2340,15170.0
2341,15180.0
2342,15190.0
2343,15200.0
2344,15210.0
2345,15220.0
2346,15230.0
2347,15240.0
2348,15250.0
2349,15260.0
2350,15270.0
2351,15280.0
2352,15290.0
2353,15300.0
2354,15310.0
2355,15320.0
2356,15330.0
2357,15340.0
2358,15350.0
2359,15360.0
2360,15370.0
2361,15380.0
2362,15390.0
2363,15400.0
2364,15410.0
2365,15420.0
2366,15430.0
2367,15440.0
2368,15450.0
2369,15460.0
2370,15470.0
2371,15480.0
2372,15490.0
2373,15500.0
2374,15510.0
2375,15520.0
2376,15530.0
2377,15540.0
2378,15550.0
2379,15560.0
2380,15570.0
2381,15580.0
2382,15590.0
2383,15600.0
2384,15610.0
2385,15620.0
2386,15630.0
2387,15640.0
2388,15650.0
2389,15660.0
2390,15670.0
2391,15680.0
2392,15690.0
2393,15700.0
2394,15710.0
2395,15720.0
2396,15730.0
2397,15740.0
2398,15750.0
2399,15760.0
2400,15770.0
2401,15780.0
2402,15790.0
2403,15800.0
2404,15810.0
2405,15820.0
2406,15830.0
2407,15840.0
2408,15850.0
2409,15860.0
2410,15870.0
2411,15880.0
2412,15890.0
2413,15900.0
2414,15910.0
2415,15920.0
2416,15930.0
2417,15940.0
2418,15950.0
2419,15960.0
2420,15970.0
2421,15980.0
2422,15990.0
2423,16000.0
2424,16010.0
2425,16020.0
2426,16030.0
2427,16040.0
2428,16050.0
2429,16060.0
2430,16070.0
2431,16080.0
2432,16090.0
2433,16100.0
2434,16110.0
2435,16120.0
2436,16130.0
2437,16140.0
2438,16150.0
2439,16160.0
2440,16170.0
2441,16180.0
2442,16190.0
2443,16200.0
2444,16210.0
2445,16220.0
2446,16230.0
2447,16240.0
2448,16250.0
2449,16260.0
2450,16270.0
2451,16280.0
2452,16290.0
2453,16300.0
2454,16310.0
2455,16320.0
2456,16330.0
2457,16340.0
2458,16350.0
2459,16360.0
2460,16370.0
2461,16380.0
2462,16390.0
2463,16400.0
2464,16410.0
2465,16420.0
2466,16430.0
2467,16440.0
2468,16450.0
2469,16460.0
2470,16470.0
2471,16480.0
2472,16490.0
2473,16500.0
2474,16510.0
2475,16520.0
2476,16530.0
2477,16540.0
2478,16550.0
2479,16560.0
2480,16570.0
2481,16580.0
2482,16590.0
2483,16600.0
2484,16610.0
2485,16620.0
2486,16630.0
2487,16640.0
2488,16650.0
2489,16660.0
2490,16670.0
2491,16680.0
2492,16690.0
2493,16700.0
2494,16710.0
2495,16720.0
2496,16730.0
2497,16740.0
2498,16750.0
2499,16760.0
2500,16770.0
2501,16780.0
2502,16790.0
2503,16800.0
2504,16810.0
2505,16820.0
2506,16830.0
2507,16840.0
2508,16850.0
2509,16860.0
2510,16870.0
2511,16880.0
2512,16890.0
2513,16900.0
2514,16910.0
2515,16920.0
2516,16930.0
2517,16940.0
2518,16950.0
2519,16960.0
2520,16970.0
2521,16980.0
2522,16990.0
2523,17000.0
2524,17010.0
2525,17020.0
2526,17030.0
2527,17040.0
2528,17050.0
2529,17060.0
2530,17070.0
2531,17080.0
2532,17090.0
2533,17100.0
2534,17110.0
2535,17120.0
2536,17130.0
2537,17140.0
2538,17150.0
2539,17160.0
2540,17170.0
2541,17180.0
2542,17190.0
2543,17200.0
2544,17210.0
2545,17220.0
2546,17230.0
2547,17240.0
2548,17250.0
2549,17260.0
2550,17270.0
2551,17280.0
2552,17290.0
2553,17300.0
2554,17310.0
2555,17320.0
2556,17330.0
2557,17340.0
2558,17350.0
2559,17360.0
2560,17370.0
2561,17380.0
2562,17390.0
2563,17400.0
2564,17410.0
2565,17420.0
2566,17430.0
2567,17440.0
2568,17450.0
2569,17460.0
2570,17470.0
2571,17480.0
2572,17490.0
2573,17500.0
2574,17510.0
2575,17520.0
2576,17530.0
2577,17540.0
2578,17550.0
2579,17560.0
2580,17570.0
2581,17580.0
2582,17580.0
2583,17580.0
2584,17580.0
2585,17580.0
2586,17570.0
2587,17560.0
2588,17550.0
2589,17540.0
2590,17530.0
2591,17520.0
2592,17510.0
2593,17510.0
2594,17500.0
2595,17500.0
2596,17500.0
2597,17500.0
2598,17500.0
2599,17500.0
2600,17500.0
2601,17500.0
2602,17500.0
2603,17500.0
2604,17500.0
2605,17500.0
2606,17500.0
2607,17500.0
2608,17500.0
2609,17500.0
2610,17500.0
2611,17500.0
2612,17500.0
2613,17500.0
2614,17500.0
2615,17500.0
2616,17500.0
2617,17500.0
2618,17500.0
2619,17500.0
2620,17500.0
2621,17500.0
2622,17500.0
2623,17500.0
2624,17500.0
2625,17500.0
2626,17500.0
2627,17500.0
2628,17500.0
2629,17500.0
2630,17500.0
2631,17500.0
2632,17510.0
2633,17510.0
2634,17520.0
2635,17530.0
2636,17540.0
2637,17550.0
2638,17560.0
2639,17570.0
2640,17580.0
2641,17590.0
2642,17600.0
2643,17610.0
2644,17620.0
2645,17630.0
2646,17640.0
2647,17650.0
2648,17660.0
2649,17670.0
2650,17680.0
2651,17690.0
2652,17700.0
2653,17710.0
2654,17720.0
2655,17730.0
2656,17740.0
2657,17750.0
2658,17760.0
2659,17770.0
2660,17780.0
2661,17790.0
2662,17800.0
2663,17810.0
2664,17820.0
2665,17830.0
2666,17840.0
2667,17850.0
2668,17860.0
2669,17870.0
2670,17880.0
2671,17890.0
2672,17900.0
2673,17910.0
2674,17920.0
2675,17930.0
2676,17940.0
2677,17950.0
2678,17960.0
2679,17970.0
2680,17980.0
2681,17990.0
2682,18000.0
2683,18010.0
2684,18020.0
2685,18030.0
2686,18040.0
2687,18050.0
2688,18060.0
2689,18070.0
2690,18080.0
2691,18090.0
2692,18100.0
2693,18110.0
2694,18120.0
2695,18130.0
2696,18140.0
2697,18150.0
2698,18160.0
2699,18170.0
2700,18180.0
2701,18190.0
2702,18200.0
2703,18210.0
2704,18220.0
2705,18230.0
2706,18240.0
2707,18250.0
2708,18260.0
2709,18270.0
2710,18280.0
2711,18290.0
2712,18300.0
2713,18310.0
2714,18320.0
2715,18330.0
2716,18340.0
2717,18350.0
2718,18360.0
2719,18370.0
2720,18380.0
2721,18390.0
2722,18400.0
2723,18410.0
2724,18420.0
2725,18430.0
2726,18440.0
2727,18450.0
2728,18460.0
2729,18470.0
2730,18480.0
2731,18490.0
2732,18500.0
2733,18510.0
2734,18520.0
2735,18530.0
2736,18540.0
2737,18550.0
2738,18560.0
2739,18570.0
2740,18580.0
2741,18590.0
2742,18600.0
2743,18610.0
2744,18620.0
2745,18630.0
2746,18640.0
2747,18650.0
2748,18660.0
2749,18670.0
2750,18680.0
2751,18690.0
2752,18700.0
2753,18710.0
2754,18720.0
2755,18730.0
2756,18740.0
2757,18750.0
2758,18760.0
2759,18770.0
2760,18780.0
2761,18790.0
2762,18800.0
2763,18810.0
2764,18820.0
2765,18830.0
2766,18840.0
2767,18850.0
2768,18860.0
2769,18870.0
2770,18880.0
2771,18890.0
2772,18900.0
2773,18910.0
2774,18920.0
2775,18930.0
2776,18940.0
2777,18950.0
2778,18960.0
2779,18970.0
2780,18980.0
2781,18990.0
2782,19000.0
2783,19010.0
2784,19020.0
2785,19030.0
2786,19040.0
2787,19050.0
2788,19060.0
2789,19070.0
2790,19080.0
2791,19090.0
2792,19100.0
2793,19110.0
2794,19120.0
2795,19130.0
2796,19140.0
2797,19150.0
2798,19160.0
2799,19170.0
2800,19180.0
2801,19190.0
2802,19200.0
2803,19210.0
2804,19220.0
2805,19230.0
2806,19240.0
2807,19250.0
2808,19260.0
2809,19270.0
2810,19280.0
2811,19290.0
2812,19300.0
2813,19310.0
2814,19320.0
2815,19330.0
2816,19340.0
2817,19350.0
2818,19360.0
2819,19370.0
2820,19380.0
2821,19390.0
2822,19400.0
2823,19410.0
2824,19420.0
2825,19430.0
2826,19440.0
2827,19450.0
2828,19460.0
2829,19470.0
2830,19480.0
2831,19490.0
2832,19500.0
2833,19510.0
2834,19520.0
2835,19530.0
2836,19530.0
2837,19540.0
2838,19550.0
2839,19550.0
2840,19560.0
2841,19570.0
2842,19580.0
2843,19590.0
2844,19600.0
2845,19610.0
2846,19620.0
2847,19630.0
2848,19640.0
2849,19650.0
2850,19660.0
2851,19670.0
2852,19680.0
2853,19690.0
2854,19700.0
2855,19710.0
2856,19720.0
2857,19730.0
2858,19740.0
2859,19750.0
2860,19760.0
2861,19770.0
2862,19780.0
2863,19790.0
2864,19800.0
2865,19810.0
2866,19820.0
2867,19830.0
2868,19840.0
2869,19850.0
2870,19860.0
2871,19870.0
2872,19880.0
2873,19890.0
2874,19900.0
2875,19910.0
2876,19920.0
2877,19930.0
2878,19940.0
2879,19950.0
2880,19960.0
2881,19970.0
2882,19980.0
2883,19990.0
2884,19990.0
2885,20000.0
2886,20000.0
2887,20000.0
2888,20000.0
2889,20000.0
2890,20000.0
2891,20000.0
2892,20000.0
2893,20000.0
2894,20000.0
2895,20000.0
2896,20000.0
2897,20000.0
2898,20000.0
2899,20000.0
2900,20000.0
2901,20000.0
2902,20000.0
2903,20000.0
2904,20000.0
2905,20000.0
2906,20000.0
2907,20000.0
2908,20000.0
2909,20000.0
2910,20000.0
2911,20000.0
2912,20000.0
2913,20000.0
2914,20000.0
2915,20000.0
2916,20000.0
2917,20000.0
2918,20000.0
2919,20000.0
2920,20000.0
2921,20000.0
2922,20000.0
2923,20000.0
2924,20000.0
2925,20010.0
2926,20010.0
2927,20020.0
2928,20030.0
2929,20040.0
2930,20050.0
2931,20060.0
2932,20070.0
2933,20080.0
2934,20090.0
2935,20100.0
2936,20110.0
2937,20120.0
2938,20130.0
2939,20140.0
2940,20150.0
2941,20160.0
2942,20170.0
2943,20180.0
2944,20190.0
2945,20200.0
2946,20210.0
2947,20220.0
2948,20230.0
2949,20240.0
2950,20250.0
2951,20260.0
2952,20270.0
2953,20280.0
2954,20290.0
2955,20300.0
2956,20310.0
2957,20320.0
2958,20330.0
2959,20340.0
2960,20350.0
2961,20360.0
2962,20370.0
2963,20380.0
2964,20390.0
2965,20400.0
2966,20410.0
2967,20420.0
2968,20430.0
2969,20440.0
2970,20450.0
2971,20460.0
2972,20470.0
2973,20480.0
2974,20490.0
2975,20500.0
2976,20510.0
2977,20520.0
2978,20530.0
2979,20540.0
2980,20550.0
2981,20560.0
2982,20570.0
2983,20580.0
2984,20590.0
2985,20600.0
2986,20610.0
2987,20620.0
2988,20630.0
2989,20640.0
2990,20650.0
2991,20660.0
2992,20670.0
2993,20680.0
2994,20690.0
2995,20700.0
2996,20710.0
2997,20720.0
2998,20730.0
2999,20740.0
3000,20750.0
3001,20760.0
3002,20770.0
3003,20780.0
3004,20790.0
3005,20800.0
3006,20810.0
3007,20820.0
3008,20830.0
3009,20840.0
3010,20850.0
3011,20860.0
3012,20870.0
3013,20880.0
3014,20890.0
3015,20900.0
3016,20910.0
3017,20920.0
3018,20930.0
3019,20940.0
3020,20950.0
3021,20960.0
3022,20970.0
3023,20980.0
3024,20990.0
3025,21000.0
3026,21010.0
3027,21020.0
3028,21030.0
3029,21040.0
3030,21050.0
3031,21060.0
3032,21070.0
3033,21080.0
3034,21090.0
3035,21100.0
3036,21110.0
3037,21120.0
3038,21130.0
3039,21140.0
3040,21150.0
3041,21160.0
3042,21170.0
3043,21180.0
3044,21190.0
3045,21200.0
3046,21210.0
3047,21220.0
3048,21230.0
3049,21240.0
3050,21250.0
3051,21260.0
3052,21270.0
3053,21280.0
3054,21290.0
3055,21300.0
3056,21310.0
3057,21320.0
3058,21330.0
3059,21340.0
3060,21350.0
3061,21360.0
3062,21370.0
3063,21380.0
3064,21390.0
3065,21400.0
3066,21410.0
3067,21420.0
3068,21430.0
3069,21440.0
3070,21450.0
3071,21460.0
3072,21470.0
3073,21480.0
3074,21490.0
3075,21500.0
3076,21510.0
3077,21520.0
3078,21530.0
3079,21540.0
3080,21550.0
3081,21560.0
3082,21570.0
3083,21580.0
3084,21590.0
3085,21600.0
3086,21610.0
3087,21620.0
3088,21630.0
3089,21640.0
3090,21650.0
3091,21660.0
3092,21670.0
3093,21680.0
3094,21690.0
3095,21700.0
3096,21710.0
3097,21720.0
3098,21730.0
3099,21740.0
3100,21750.0
3101,21760.0
3102,21770.0
3103,21780.0
3104,21790.0
3105,21800.0
3106,21810.0
3107,21820.0
3108,21830.0
3109,21840.0
3110,21850.0
3111,21860.0
3112,21870.0
3113,21880.0
3114,21890.0
3115,21900.0
3116,21910.0
3117,21920.0
3118,21930.0
3119,21940.0
3120,21950.0
3121,21960.0
3122,21970.0
3123,21980.0
3124,21990.0
3125,22000.0
3126,22010.0
3127,22020.0
3128,22030.0
3129,22040.0
3130,22050.0
3131,22060.0
3132,22070.0
3133,22080.0
3134,22090.0
3135,22100.0
3136,22110.0
3137,22120.0
3138,22130.0
3139,22140.0
3140,22150.0
3141,22160.0
3142,22170.0
3143,22180.0
3144,22190.0
3145,22200.0
3146,22210.0
3147,22220.0
3148,22230.0
3149,22240.0
3150,22250.0
3151,22260.0
3152,22270.0
3153,22280.0
3154,22290.0
3155,22300.0
3156,22310.0
3157,22320.0
3158,22330.0
3159,22340.0
3160,22350.0
3161,22360.0
3162,22370.0
3163,22380.0
3164,22390.0
3165,22400.0
3166,22410.0
3167,22420.0
3168,22430.0
3169,22440.0
3170,22450.0
3171,22460.0
3172,22470.0
3173,22480.0
3174,22480.0
3175,22490.0
3176,22500.0
3177,22500.0
3178,22500.0
3179,22500.0
3180,22500.0
3181,22500.0
3182,22500.0
3183,22500.0
3184,22500.0
3185,22500.0
3186,22500.0
3187,22500.0
3188,22500.0
3189,22500.0
3190,22500.0
3191,22500.0
3192,22500.0
3193,22500.0
3194,22500.0
3195,22500.0
3196,22500.0
3197,22500.0
3198,22500.0
3199,22500.0
3200,22500.0
3201,22500.0
3202,22500.0
3203,22500.0
3204,22500.0
3205,22500.0
3206,22500.0
3207,22500.0
3208,22500.0
3209,22500.0
3210,22500.0
3211,22500.0
3212,22510.0
3213,22510.0
3214,22520.0
3215,22530.0
3216,22540.0
3217,22550.0
3218,22560.0
3219,22570.0
3220,22580.0
3221,22590.0
3222,22600.0
3223,22610.0
3224,22620.0
3225,22630.0
3226,22640.0
3227,22650.0
3228,22660.0
3229,22670.0
3230,22680.0
3231,22690.0
3232,22700.0
3233,22710.0
3234,22720.0
3235,22730.0
3236,22740.0
3237,22750.0
3238,22760.0
3239,22770.0
3240,22780.0
3241,22790.0
3242,22800.0
3243,22810.0
3244,22820.0
3245,22830.0
3246,22840.0
3247,22850.0
3248,22860.0
3249,22870.0
3250,22880.0
3251,22890.0
3252,22900.0
3253,22910.0
3254,22920.0
3255,22930.0
3256,22940.0
3257,22950.0
3258,22960.0
3259,22970.0
3260,22980.0
3261,22990.0
3262,23000.0
3263,23010.0
3264,23020.0
3265,23030.0
3266,23040.0
3267,23050.0
3268,23060.0
3269,23070.0
3270,23080.0
3271,23090.0
3272,23100.0
3273,23110.0
3274,23120.0
3275,23130.0
3276,23140.0
3277,23150.0
3278,23160.0
3279,23170.0
3280,23180.0
3281,23190.0
3282,23200.0
3283,23210.0
3284,23220.0
3285,23230.0
3286,23240.0
3287,23250.0
3288,23260.0
3289,23270.0
3290,23280.0
3291,23290.0
3292,23300.0
3293,23310.0
3294,23320.0
3295,23330.0
3296,23340.0
3297,23350.0
3298,23360.0
3299,23370.0
3300,23380.0
3301,23390.0
3302,23400.0
3303,23410.0
3304,23420.0
3305,23430.0
3306,23440.0
3307,23450.0
3308,23460.0
3309,23470.0
3310,23480.0
3311,23490.0
3312,23500.0
3313,23510.0
3314,23520.0
3315,23530.0
3316,23540.0
3317,23550.0
3318,23560.0
3319,23570.0
3320,23580.0
3321,23590.0
3322,23600.0
3323,23610.0
3324,23620.0
3325,23630.0
3326,23640.0
3327,23650.0
3328,23660.0
3329,23670.0
3330,23680.0
3331,23690.0
3332,23700.0
3333,23710.0
3334,23720.0
3335,23730.0
3336,23740.0
3337,23750.0
3338,23760.0
3339,23770.0
3340,23780.0
3341,23790.0
3342,23800.0
3343,23810.0
3344,23820.0
3345,23830.0
3346,23840.0
3347,23850.0
3348,23860.0
3349,23870.0
3350,23880.0
3351,23890.0
3352,23900.0
3353,23910.0
3354,23920.0
3355,23930.0
3356,23940.0
3357,23950.0
3358,23960.0
3359,23970.0
3360,23980.0
3361,23990.0
3362,24000.0
3363,24010.0
3364,24020.0
3365,24030.0
3366,24040.0
3367,24050.0
3368,24060.0
3369,24070.0
3370,24080.0
3371,24090.0
3372,24100.0
3373,24110.0
3374,24120.0
3375,24130.0
3376,24140.0
3377,24150.0
3378,24160.0
3379,24170.0
3380,24180.0
3381,24190.0
3382,24200.0
3383,24210.0
3384,24220.0
3385,24230.0
3386,24240.0
3387,24250.0
3388,24260.0
3389,24270.0
3390,24280.0
3391,24290.0
3392,24300.0
3393,24310.0
3394,24320.0
3395,24330.0
3396,24340.0
3397,24350.0
3398,24360.0
3399,24370.0
3400,24380.0
3401,24390.0
3402,24400.0
3403,24410.0
3404,24420.0
3405,24430.0
3406,24440.0
3407,24450.0
3408,24460.0
3409,24470.0
3410,24480.0
3411,24490.0
3412,24500.0
3413,24510.0
3414,24520.0
3415,24530.0
3416,24540.0
3417,24550.0
3418,24560.0
3419,24570.0
3420,24580.0
3421,24590.0
3422,24600.0
3423,24610.0
3424,24620.0
3425,24630.0
3426,24640.0
3427,24650.0
3428,24660.0
3429,24670.0
3430,24680.0
3431,24690.0
3432,24700.0
3433,24710.0
3434,24720.0
3435,24730.0
3436,24740.0
3437,24750.0
3438,24760.0
3439,24770.0
3440,24780.0
3441,24790.0
3442,24800.0
3443,24810.0
3444,24820.0
3445,24830.0
3446,24840.0
3447,24850.0
3448,24860.0
3449,24870.0
3450,24880.0
3451,24890.0
3452,24900.0
3453,24910.0
3454,24920.0
3455,24930.0
3456,24940.0
3457,24950.0
3458,24960.0
3459,24970.0
3460,24980.0
3461,24990.0
3462,25000.0
3463,25010.0
3464,25020.0
3465,25030.0
3466,25040.0
3467,25050.0
3468,25050.0
3469,25050.0
3470,25050.0
3471,25050.0
3472,25050.0
3473,25050.0
3474,25050.0
3475,25050.0
3476,25050.0
3477,25050.0
3478,25050.0
3479,25050.0
3480,25050.0
3481,25050.0
3482,25050.0
3483,25050.0
3484,25050.0
3485,25050.0
3486,25050.0
3487,25050.0
3488,25050.0
3489,25050.0
3490,25050.0
3491,25050.0
3492,25050.0
3493,25050.0
3494,25050.0
3495,25050.0
3496,25050.0
3497,25050.0
3498,25050.0
3499,25050.0
3500,25050.0
3501,25050.0
3502,25050.0
3503,25050.0
3504,25060.0
3505,25060.0
3506,25070.0
3507,25080.0
3508,25090.0
3509,25100.0
3510,25110.0
3511,25120.0
3512,25130.0
3513,25140.0
3514,25150.0
3515,25160.0
3516,25170.0
3517,25180.0
3518,25190.0
3519,25200.0
3520,25210.0
3521,25220.0
3522,25230.0
3523,25240.0
3524,25250.0
3525,25260.0
3526,25270.0
3527,25280.0
3528,25290.0
3529,25300.0
3530,25310.0
3531,25320.0
3532,25330.0
3533,25340.0
3534,25350.0
3535,25360.0
3536,25370.0
3537,25380.0
3538,25390.0
3539,25400.0
3540,25410.0
3541,25420.0
3542,25430.0
3543,25440.0
3544,25450.0
3545,25460.0
3546,25470.0
3547,25480.0
3548,25490.0
3549,25500.0
3550,25510.0
3551,25520.0
3552,25530.0
3553,25540.0
3554,25550.0
3555,25560.0
3556,25570.0
3557,25580.0
3558,25590.0
3559,25600.0
3560,25610.0
3561,25620.0
3562,25630.0
3563,25640.0
3564,25650.0
3565,25660.0
3566,25670.0
3567,25680.0
3568,25690.0
3569,25700.0
3570,25710.0
3571,25720.0
3572,25730.0
3573,25740.0
3574,25750.0
3575,25760.0
3576,25770.0
3577,25780.0
3578,25790.0
3579,25800.0
3580,25810.0
3581,25820.0
3582,25830.0
3583,25840.0
3584,25850.0
3585,25860.0
3586,25870.0
3587,25880.0
3588,25890.0
3589,25900.0
3590,25910.0
3591,25920.0
3592,25930.0
3593,25940.0
3594,25950.0
3595,25960.0
3596,25970.0
3597,25980.0
3598,25990.0
3599,26000.0
3600,26010.0
3601,26020.0
3602,26030.0
3603,26040.0
3604,26050.0
3605,26060.0
3606,26070.0
3607,26080.0
3608,26090.0
3609,26100.0
3610,26110.0
3611,26120.0
3612,26130.0
3613,26140.0
3614,26150.0
3615,26160.0
3616,26170.0
3617,26180.0
3618,26190.0
3619,26200.0
3620,26210.0
3621,26220.0
3622,26230.0
3623,26240.0
3624,26250.0
3625,26260.0
3626,26270.0
3627,26280.0
3628,26290.0
3629,26300.0
3630,26310.0
3631,26320.0
3632,26330.0
3633,26340.0
3634,26350.0
3635,26360.0
3636,26370.0
3637,26380.0
3638,26390.0
3639,26400.0
3640,26410.0
3641,26420.0
3642,26430.0
3643,26440.0
3644,26450.0
3645,26460.0
3646,26470.0
3647,26480.0
3648,26490.0
3649,26500.0
3650,26510.0
3651,26520.0
3652,26530.0
3653,26540.0
3654,26550.0
3655,26560.0
3656,26570.0
3657,26580.0
3658,26590.0
3659,26600.0
3660,26610.0
3661,26620.0
3662,26630.0
3663,26640.0
3664,26650.0
3665,26660.0
3666,26670.0
3667,26680.0
3668,26690.0
3669,26700.0
3670,26710.0
3671,26720.0
3672,26730.0
3673,26740.0
3674,26750.0
3675,26760.0
3676,26770.0
3677,26780.0
3678,26790.0
3679,26800.0
3680,26810.0
3681,26820.0
3682,26830.0
3683,26840.0
3684,26850.0
3685,26860.0
3686,26870.0
3687,26880.0
3688,26890.0
3689,26900.0
3690,26910.0
3691,26920.0
3692,26930.0
3693,26940.0
3694,26950.0
3695,26960.0
3696,26970.0
3697,26980.0
3698,26990.0
3699,27000.0
3700,27010.0
3701,27020.0
3702,27030.0
3703,27040.0
3704,27050.0
3705,27060.0
3706,27070.0
3707,27080.0
3708,27090.0
3709,27100.0
3710,27110.0
3711,27120.0
3712,27130.0
3713,27140.0
3714,27150.0
3715,27160.0
3716,27170.0
3717,27180.0
3718,27190.0
3719,27200.0
3720,27210.0
3721,27220.0
3722,27230.0
3723,27240.0
3724,27250.0
3725,27260.0
3726,27270.0
3727,27280.0
3728,27290.0
3729,27300.0
3730,27310.0
3731,27320.0
3732,27330.0
3733,27340.0
3734,27350.0
3735,27360.0
3736,27370.0
3737,27380.0
3738,27390.0
3739,27400.0
3740,27410.0
3741,27420.0
3742,27430.0
3743,27440.0
3744,27450.0
3745,27460.0
3746,27470.0
3747,27480.0
3748,27490.0
3749,27500.0
3750,27510.0
3751,27510.0
3752,27510.0
3753,27510.0
3754,27510.0
3755,27510.0
3756,27510.0
3757,27510.0
3758,27510.0
3759,27510.0
3760,27510.0
3761,27510.0
3762,27510.0
3763,27510.0
3764,27510.0
3765,27510.0
3766,27510.0
3767,27510.0
3768,27510.0
3769,27510.0
3770,27510.0
3771,27510.0
3772,27510.0
3773,27510.0
3774,27510.0
3775,27510.0
3776,27510.0
3777,27510.0
3778,27510.0
3779,27520.0
3780,27520.0
3781,27530.0
3782,27540.0
3783,27550.0
3784,27560.0
3785,27570.0
3786,27580.0
3787,27590.0
3788,27600.0
3789,27610.0
3790,27620.0
3791,27630.0
3792,27640.0
3793,27650.0
3794,27660.0
3795,27670.0
3796,27680.0
3797,27690.0
3798,27700.0
3799,27710.0
3800,27720.0
3801,27730.0
3802,27740.0
3803,27750.0
3804,27760.0
3805,27770.0
3806,27780.0
3807,27790.0
3808,27800.0
3809,27810.0
3810,27820.0
3811,27830.0
3812,27840.0
3813,27850.0
3814,27860.0
3815,27870.0
3816,27880.0
3817,27890.0
3818,27900.0
3819,27910.0
3820,27920.0
3821,27930.0
3822,27940.0
3823,27950.0
3824,27960.0
3825,27970.0
3826,27980.0
3827,27990.0
3828,28000.0
3829,28010.0
3830,28020.0
3831,28030.0
3832,28040.0
3833,28050.0
3834,28060.0
3835,28070.0
3836,28080.0
3837,28090.0
3838,28100.0
3839,28110.0
3840,28120.0
3841,28130.0
3842,28140.0
3843,28150.0
3844,28160.0
3845,28170.0
3846,28180.0
3847,28190.0
3848,28200.0
3849,28210.0
3850,28220.0
3851,28230.0
3852,28240.0
3853,28250.0
3854,28260.0
3855,28270.0
3856,28280.0
3857,28290.0
3858,28300.0
3859,28310.0
3860,28320.0
3861,28330.0
3862,28340.0
3863,28350.0
3864,28360.0
3865,28370.0
3866,28380.0
3867,28390.0
3868,28400.0
3869,28410.0
3870,28420.0
3871,28430.0
3872,28440.0
3873,28450.0
3874,28460.0
3875,28470.0
3876,28480.0
3877,28490.0
3878,28500.0
3879,28510.0
3880,28520.0
3881,28530.0
3882,28540.0
3883,28550.0
3884,28560.0
3885,28570.0
3886,28580.0
3887,28590.0
3888,28600.0
3889,28610.0
3890,28620.0
3891,28630.0
3892,28640.0
3893,28650.0
3894,28660.0
3895,28670.0
3896,28680.0
3897,28690.0
3898,28700.0
3899,28710.0
3900,28720.0
3901,28730.0
3902,28740.0
3903,28750.0
3904,28760.0
3905,28770.0
3906,28780.0
3907,28790.0
3908,28800.0
3909,28810.0
3910,28820.0
3911,28830.0
3912,28840.0
3913,28850.0
3914,28860.0
3915,28870.0
3916,28880.0
3917,28890.0
3918,28900.0
3919,28910.0
3920,28920.0
3921,28930.0
3922,28940.0
3923,28950.0
3924,28960.0
3925,28970.0
3926,28980.0
3927,28990.0
3928,29000.0
3929,29000.0
3930,29000.0
3931,29010.0
3932,29020.0
3933,29030.0
3934,29040.0
3935,29050.0
3936,29060.0
3937,29070.0
3938,29080.0
3939,29080.0
3940,29080.0
3941,29090.0
3942,29090.0
3943,29100.0
3944,29110.0
3945,29120.0
3946,29130.0
3947,29140.0
3948,29150.0
3949,29160.0
3950,29170.0
3951,29180.0
3952,29190.0
3953,29190.0
3954,29200.0
3955,29210.0
3956,29220.0
3957,29230.0
3958,29240.0
3959,29250.0
3960,29260.0
3961,29270.0
3962,29280.0
3963,29290.0
3964,29300.0
3965,29310.0
3966,29310.0
3967,29310.0
3968,29310.0
3969,29310.0
3970,29310.0
3971,29310.0
3972,29310.0
3973,29310.0
3974,29310.0
3975,29310.0
3976,29310.0
3977,29310.0
3978,29310.0
3979,29310.0
3980,29310.0
3981,29310.0
3982,29310.0
3983,29310.0
3984,29310.0
3985,29310.0
3986,29310.0
3987,29310.0
3988,29310.0
3989,29310.0
3990,29310.0
3991,29310.0
3992,29310.0
3993,29300.0
3994,29300.0
3995,29290.0
3996,29280.0
3997,29270.0
3998,29260.0
3999,29250.0
4000,29240.0
4001,29230.0
4002,29220.0
4003,29210.0
4004,29200.0
4005,29190.0
4006,29180.0
4007,29170.0
4008,29160.0
4009,29150.0
4010,29140.0
4011,29130.0
4012,29120.0
4013,29110.0
4014,29100.0
4015,29090.0
4016,29080.0
4017,29070.0
4018,29060.0
4019,29050.0
4020,29040.0
4021,29030.0
4022,29020.0
4023,29010.0
4024,29000.0
4025,28990.0
4026,28980.0
4027,28970.0
4028,28960.0
4029,28950.0
4030,28940.0
4031,28930.0
4032,28920.0
4033,28910.0
4034,28900.0
4035,28890.0
4036,28880.0
4037,28870.0
4038,28860.0
4039,28850.0
4040,28840.0
4041,28830.0
4042,28820.0
4043,28810.0
4044,28800.0
4045,28790.0
4046,28780.0
4047,28770.0
4048,28760.0
4049,28750.0
4050,28740.0
4051,28730.0
4052,28720.0
4053,28710.0
4054,28700.0
4055,28690.0
4056,28680.0
4057,28670.0
4058,28660.0
4059,28650.0
4060,28640.0
4061,28630.0
4062,28620.0
4063,28610.0
4064,28600.0
4065,28590.0
4066,28580.0
4067,28570.0
4068,28560.0
4069,28550.0
4070,28540.0
4071,28530.0
4072,28520.0
4073,28510.0
4074,28500.0
4075,28490.0
4076,28480.0
4077,28470.0
4078,28460.0
4079,28450.0
4080,28440.0
4081,28430.0
4082,28420.0
4083,28410.0
4084,28400.0
4085,28390.0
4086,28380.0
4087,28370.0
4088,28360.0
4089,28350.0
4090,28340.0
4091,28330.0
4092,28320.0
4093,28310.0
4094,28300.0
4095,28290.0
4096,28280.0
4097,28270.0
4098,28260.0
4099,28250.0
4100,28240.0
4101,28230.0
4102,28220.0
4103,28210.0
4104,28200.0
4105,28190.0
4106,28180.0
4107,28170.0
4108,28160.0
4109,28150.0
4110,28140.0
4111,28130.0
4112,28120.0
4113,28110.0
4114,28100.0
4115,28090.0
4116,28080.0
4117,28070.0
4118,28060.0
4119,28050.0
4120,28040.0
4121,28030.0
4122,28020.0
4123,28010.0
4124,28000.0
4125,27990.0
4126,27980.0
4127,27970.0
4128,27960.0
4129,27950.0
4130,27940.0
4131,27930.0
4132,27920.0
4133,27910.0
4134,27900.0
4135,27890.0
4136,27880.0
4137,27870.0
4138,27860.0
4139,27850.0
4140,27840.0
4141,27830.0
4142,27820.0
4143,27810.0
4144,27800.0
4145,27790.0
4146,27780.0
4147,27770.0
4148,27760.0
4149,27750.0
4150,27740.0
4151,27730.0
4152,27720.0
4153,27710.0
4154,27700.0
4155,27690.0
4156,27680.0
4157,27670.0
4158,27660.0
4159,27650.0
4160,27640.0
4161,27630.0
4162,27620.0
4163,27610.0
4164,27600.0
4165,27590.0
4166,27580.0
4167,27570.0
4168,27560.0
4169,27550.0
4170,27540.0
4171,27530.0
4172,27520.0
4173,27510.0
4174,27500.0
4175,27490.0
4176,27480.0
4177,27470.0
4178,27460.0
4179,27450.0
4180,27440.0
4181,27430.0
4182,27420.0
4183,27410.0
4184,27400.0
4185,27390.0
4186,27380.0
4187,27370.0
4188,27360.0
4189,27350.0
4190,27340.0
4191,27330.0
4192,27320.0
4193,27310.0
4194,27300.0
4195,27290.0
4196,27280.0
4197,27270.0
4198,27260.0
4199,27250.0
4200,27240.0
4201,27230.0
4202,27220.0
4203,27210.0
4204,27200.0
4205,27190.0
4206,27180.0
4207,27170.0
4208,27160.0
4209,27150.0
4210,27140.0
4211,27130.0
4212,27120.0
4213,27110.0
4214,27100.0
4215,27090.0
4216,27080.0
4217,27070.0
4218,27060.0
4219,27050.0
4220,27040.0
4221,27030.0
4222,27020.0
4223,27010.0
4224,27000.0
4225,26990.0
4226,26980.0
4227,26970.0
4228,26960.0
4229,26950.0
4230,26940.0
4231,26930.0
4232,26920.0
4233,26910.0
4234,26900.0
4235,26890.0
4236,26880.0
4237,26870.0
4238,26860.0
4239,26850.0
4240,26840.0
4241,26830.0
4242,26820.0
4243,26810.0
4244,26800.0
4245,26790.0
4246,26780.0
4247,26770.0
4248,26760.0
4249,26750.0
4250,26740.0
4251,26730.0
4252,26720.0
4253,26710.0
4254,26700.0
4255,26690.0
4256,26680.0
4257,26670.0
4258,26660.0
4259,26650.0
4260,26640.0
4261,26630.0
4262,26620.0
4263,26610.0
4264,26600.0
4265,26590.0
4266,26580.0
4267,26570.0
4268,26560.0
4269,26550.0
4270,26540.0
4271,26530.0
4272,26520.0
4273,26510.0
4274,26500.0
4275,26490.0
4276,26480.0
4277,26470.0
4278,26460.0
4279,26450.0
4280,26440.0
4281,26430.0
4282,26420.0
4283,26410.0
4284,26400.0
4285,26390.0
4286,26380.0
4287,26370.0
4288,26360.0
4289,26350.0
4290,26340.0
4291,26330.0
4292,26320.0
4293,26310.0
4294,26300.0
4295,26290.0
4296,26280.0
4297,26270.0
4298,26260.0
4299,26250.0
4300,26240.0
4301,26230.0
4302,26220.0
4303,26210.0
4304,26200.0
4305,26190.0
4306,26180.0
4307,26170.0
4308,26160.0
4309,26150.0
4310,26140.0
4311,26130.0
4312,26120.0
4313,26110.0
4314,26100.0
4315,26090.0
4316,26080.0
4317,26070.0
4318,26060.0
4319,26050.0
4320,26040.0
4321,26030.0
4322,26020.0
4323,26010.0
4324,26000.0
4325,25990.0
4326,25980.0
4327,25970.0
4328,25960.0
4329,25950.0
4330,25940.0
4331,25930.0
4332,25920.0
4333,25910.0
4334,25900.0
4335,25890.0
4336,25880.0
4337,25870.0
4338,25860.0
4339,25850.0
4340,25840.0
4341,25830.0
4342,25820.0
4343,25810.0
4344,25800.0
4345,25790.0
4346,25780.0
4347,25770.0
4348,25760.0
4349,25750.0
4350,25740.0
4351,25730.0
4352,25720.0
4353,25710.0
4354,25700.0
4355,25690.0
4356,25680.0
4357,25670.0
4358,25660.0
4359,25650.0
4360,25640.0
4361,25630.0
4362,25620.0
4363,25610.0
4364,25600.0
4365,25590.0
4366,25580.0
4367,25570.0
4368,25560.0
4369,25550.0
4370,25540.0
4371,25530.0
4372,25520.0
4373,25510.0
4374,25500.0
4375,25490.0
4376,25480.0
4377,25470.0
4378,25460.0
4379,25450.0
4380,25440.0
4381,25430.0
4382,25420.0
4383,25410.0
4384,25400.0
4385,25390.0
4386,25380.0
4387,25370.0
4388,25360.0
4389,25350.0
4390,25340.0
4391,25330.0
4392,25320.0
4393,25310.0
4394,25300.0
4395,25290.0
4396,25280.0
4397,25270.0
4398,25260.0
4399,25250.0
4400,25240.0
4401,25230.0
4402,25220.0
4403,25210.0
4404,25200.0
4405,25190.0
4406,25180.0
4407,25170.0
4408,25160.0
4409,25150.0
4410,25140.0
4411,25130.0
4412,25120.0
4413,25110.0
4414,25100.0
4415,25090.0
4416,25080.0
4417,25070.0
4418,25060.0
4419,25050.0
4420,25040.0
4421,25030.0
4422,25020.0
4423,25010.0
4424,25000.0
4425,24990.0
4426,24980.0
4427,24970.0
4428,24960.0
4429,24950.0
4430,24940.0
4431,24930.0
4432,24920.0
4433,24910.0
4434,24900.0
4435,24890.0
4436,24880.0
4437,24870.0
4438,24860.0
4439,24850.0
4440,24840.0
4441,24830.0
4442,24820.0
4443,24810.0
4444,24800.0
4445,24790.0
4446,24780.0
4447,24770.0
4448,24760.0
4449,24750.0
4450,24740.0
4451,24730.0
4452,24720.0
4453,24710.0
4454,24700.0
4455,24690.0
4456,24680.0
4457,24670.0
4458,24660.0
4459,24650.0
4460,24640.0
4461,24630.0
4462,24620.0
4463,24610.0
4464,24600.0
4465,24590.0
4466,24580.0
4467,24570.0
4468,24560.0
4469,24550.0
4470,24540.0
4471,24530.0
4472,24520.0
4473,24510.0
4474,24500.0
4475,24490.0
4476,24480.0
4477,24470.0
4478,24460.0
4479,24450.0
4480,24440.0
4481,24430.0
4482,24420.0
4483,24410.0
4484,24400.0
4485,24390.0
4486,24380.0
4487,24370.0
4488,24360.0
4489,24350.0
4490,24340.0
4491,24330.0
4492,24320.0
4493,24310.0
4494,24300.0
4495,24290.0
4496,24280.0
4497,24270.0
4498,24260.0
4499,24250.0
4500,24240.0
4501,24230.0
4502,24220.0
4503,24210.0
4504,24200.0
4505,24190.0
4506,24180.0
4507,24170.0
4508,24160.0
4509,24150.0
4510,24140.0
4511,24130.0
4512,24120.0
4513,24110.0
4514,24100.0
4515,24090.0
4516,24080.0
4517,24070.0
4518,24060.0
4519,24050.0
4520,24040.0
4521,24030.0
4522,24020.0
4523,24010.0
4524,24000.0
4525,23990.0
4526,23980.0
4527,23970.0
4528,23960.0
4529,23950.0
4530,23940.0
4531,23930.0
4532,23920.0
4533,23910.0
4534,23900.0
4535,23890.0
4536,23880.0
4537,23870.0
4538,23860.0
4539,23850.0
4540,23840.0
4541,23830.0
4542,23820.0
4543,23810.0
4544,23800.0
4545,23790.0
4546,23780.0
4547,23770.0
4548,23760.0
4549,23750.0
4550,23740.0
4551,23730.0
4552,23720.0
4553,23710.0
4554,23700.0
4555,23690.0
4556,23680.0
4557,23670.0
4558,23660.0
4559,23650.0
4560,23640.0
4561,23630.0
4562,23620.0
4563,23610.0
4564,23600.0
4565,23590.0
4566,23580.0
4567,23570.0
4568,23560.0
4569,23550.0
4570,23540.0
4571,23530.0
4572,23520.0
4573,23510.0
4574,23500.0
4575,23490.0
4576,23480.0
4577,23470.0
4578,23460.0
4579,23450.0
4580,23440.0
4581,23430.0
4582,23420.0
4583,23410.0
4584,23400.0
4585,23390.0
4586,23380.0
4587,23370.0
4588,23360.0
4589,23350.0
4590,23340.0
4591,23330.0
4592,23320.0
4593,23310.0
4594,23300.0
4595,23290.0
4596,23280.0
4597,23270.0
4598,23260.0
4599,23250.0
4600,23240.0
4601,23230.0
4602,23220.0
4603,23210.0
4604,23200.0
4605,23190.0
4606,23180.0
4607,23170.0
4608,23160.0
4609,23150.0
4610,23140.0
4611,23130.0
4612,23120.0
4613,23110.0
4614,23100.0
4615,23090.0
4616,23080.0
4617,23070.0
4618,23060.0
4619,23050.0
4620,23040.0
4621,23030.0
4622,23020.0
4623,23010.0
4624,23000.0
4625,22990.0
4626,22980.0
4627,22970.0
4628,22960.0
4629,22950.0
4630,22940.0
4631,22930.0
4632,22920.0
4633,22910.0
4634,22900.0
4635,22890.0
4636,22880.0
4637,22870.0
4638,22860.0
4639,22850.0
4640,22840.0
4641,22830.0
4642,22820.0
4643,22810.0
4644,22800.0
4645,22790.0
4646,22780.0
4647,22770.0
4648,22760.0
4649,22750.0
4650,22740.0
4651,22730.0
4652,22720.0
4653,22710.0
4654,22700.0
4655,22690.0
4656,22680.0
4657,22670.0
4658,22660.0
4659,22650.0
4660,22640.0
4661,22630.0
4662,22620.0
4663,22610.0
4664,22600.0
4665,22590.0
4666,22580.0
4667,22570.0
4668,22560.0
4669,22550.0
4670,22540.0
4671,22530.0
4672,22520.0
4673,22510.0
4674,22500.0
4675,22490.0
4676,22480.0
4677,22470.0
4678,22460.0
4679,22450.0
4680,22440.0
4681,22430.0
4682,22420.0
4683,22410.0
4684,22400.0
4685,22390.0
4686,22380.0
4687,22370.0
4688,22360.0
4689,22350.0
4690,22340.0
4691,22330.0
4692,22320.0
4693,22310.0
4694,22300.0
4695,22290.0
4696,22280.0
4697,22270.0
4698,22260.0
4699,22250.0
4700,22240.0
4701,22230.0
4702,22220.0
4703,22210.0
4704,22200.0
4705,22190.0
4706,22180.0
4707,22170.0
4708,22160.0
4709,22150.0
4710,22140.0
4711,22130.0
4712,22120.0
4713,22110.0
4714,22100.0
4715,22090.0
4716,22080.0
4717,22070.0
4718,22060.0
4719,22050.0
4720,22040.0
4721,22030.0
4722,22020.0
4723,22010.0
4724,22000.0
4725,21990.0
4726,21980.0
4727,21970.0
4728,21960.0
4729,21950.0
4730,21940.0
4731,21930.0
4732,21920.0
4733,21910.0
4734,21900.0
4735,21890.0
4736,21880.0
4737,21870.0
4738,21860.0
4739,21850.0
4740,21840.0
4741,21830.0
4742,21820.0
4743,21810.0
4744,21800.0
4745,21790.0
4746,21780.0
4747,21770.0
4748,21760.0
4749,21750.0
4750,21740.0
4751,21730.0
4752,21720.0
4753,21710.0
4754,21700.0
4755,21690.0
4756,21680.0
4757,21670.0
4758,21660.0
4759,21650.0
4760,21640.0
4761,21630.0
4762,21620.0
4763,21610.0
4764,21600.0
4765,21590.0
4766,21580.0
4767,21570.0
4768,21560.0
4769,21550.0
4770,21540.0
4771,21530.0
4772,21520.0
4773,21510.0
4774,21500.0
4775,21490.0
4776,21480.0
4777,21470.0
4778,21460.0
4779,21450.0
4780,21440.0
4781,21430.0
4782,21420.0
4783,21410.0
4784,21400.0
4785,21390.0
4786,21380.0
4787,21370.0
4788,21360.0
4789,21350.0
4790,21340.0
4791,21330.0
4792,21320.0
4793,21310.0
4794,21300.0
4795,21290.0
4796,21280.0
4797,21270.0
4798,21260.0
4799,21250.0
4800,21240.0
4801,21230.0
4802,21220.0
4803,21210.0
4804,21200.0
4805,21190.0
4806,21180.0
4807,21170.0
4808,21160.0
4809,21150.0
4810,21140.0
4811,21130.0
4812,21120.0
4813,21110.0
4814,21100.0
4815,21090.0
4816,21080.0
4817,21070.0
4818,21060.0
4819,21050.0
4820,21040.0
4821,21030.0
4822,21020.0
4823,21010.0
4824,21000.0
4825,20990.0
4826,20980.0
4827,20970.0
4828,20960.0
4829,20950.0
4830,20940.0
4831,20930.0
4832,20920.0
4833,20910.0
4834,20900.0
4835,20890.0
4836,20880.0
4837,20870.0
4838,20860.0
4839,20850.0
4840,20840.0
4841,20830.0
4842,20820.0
4843,20810.0
4844,20800.0
4845,20790.0
4846,20780.0
4847,20770.0
4848,20760.0
4849,20750.0
4850,20740.0
4851,20730.0
4852,20720.0
4853,20710.0
4854,20700.0
4855,20690.0
4856,20680.0
4857,20670.0
4858,20660.0
4859,20650.0
4860,20640.0
4861,20630.0
4862,20620.0
4863,20610.0
4864,20600.0
4865,20590.0
4866,20580.0
4867,20570.0
4868,20560.0
4869,20550.0
4870,20540.0
4871,20530.0
4872,20520.0
4873,20510.0
4874,20500.0
4875,20490.0
4876,20480.0
4877,20470.0
4878,20460.0
4879,20450.0
4880,20440.0
4881,20430.0
4882,20420.0
4883,20410.0
4884,20400.0
4885,20390.0
4886,20380.0
4887,20370.0
4888,20360.0
4889,20350.0
4890,20340.0
4891,20330.0
4892,20320.0
4893,20310.0
4894,20300.0
4895,20290.0
4896,20280.0
4897,20270.0
4898,20260.0
4899,20250.0
4900,20240.0
4901,20230.0
4902,20220.0
4903,20210.0
4904,20200.0
4905,20190.0
4906,20180.0
4907,20170.0
4908,20160.0
4909,20150.0
4910,20140.0
4911,20130.0
4912,20120.0
4913,20110.0
4914,20100.0
4915,20090.0
4916,20080.0
4917,20070.0
4918,20060.0
4919,20050.0
4920,20040.0
4921,20030.0
4922,20020.0
4923,20010.0
4924,20000.0
4925,19990.0
4926,19980.0
4927,19970.0
4928,19960.0
4929,19950.0
4930,19940.0
4931,19930.0
4932,19920.0
4933,19910.0
4934,19900.0
4935,19890.0
4936,19880.0
4937,19870.0
4938,19860.0
4939,19850.0
4940,19840.0
4941,19830.0
4942,19820.0
4943,19810.0
4944,19800.0
4945,19790.0
4946,19780.0
4947,19770.0
4948,19760.0
4949,19750.0
4950,19740.0
4951,19730.0
4952,19720.0
4953,19710.0
4954,19700.0
4955,19690.0
4956,19680.0
4957,19670.0
4958,19660.0
4959,19650.0
4960,19640.0
4961,19630.0
4962,19620.0
4963,19610.0
4964,19600.0
4965,19590.0
4966,19580.0
4967,19570.0
4968,19560.0
4969,19550.0
4970,19540.0
4971,19530.0
4972,19520.0
4973,19510.0
4974,19500.0
4975,19490.0
4976,19480.0
4977,19470.0
4978,19460.0
4979,19450.0
4980,19440.0
4981,19430.0
4982,19420.0
4983,19410.0
4984,19400.0
4985,19390.0
4986,19380.0
4987,19370.0
4988,19360.0
4989,19350.0
4990,19340.0
4991,19330.0
4992,19320.0
4993,19310.0
4994,19300.0
4995,19290.0
4996,19280.0
4997,19270.0
4998,19260.0
4999,19250.0
5000,19240.0
5001,19230.0
5002,19220.0
5003,19210.0
5004,19200.0
5005,19190.0
5006,19180.0
5007,19170.0
5008,19160.0
5009,19150.0
5010,19140.0
5011,19130.0
5012,19120.0
5013,19110.0
5014,19100.0
5015,19090.0
5016,19080.0
5017,19070.0
5018,19060.0
5019,19050.0
5020,19040.0
5021,19030.0
5022,19020.0
5023,19010.0
5024,19000.0
5025,18990.0
5026,18980.0
5027,18970.0
5028,18960.0
5029,18950.0
5030,18940.0
5031,18930.0
5032,18920.0
5033,18910.0
5034,18900.0
5035,18890.0
5036,18880.0
5037,18870.0
5038,18860.0
5039,18850.0
5040,18840.0
5041,18830.0
5042,18820.0
5043,18810.0
5044,18800.0
5045,18790.0
5046,18780.0
5047,18770.0
5048,18760.0
5049,18750.0
5050,18740.0
5051,18730.0
5052,18720.0
5053,18710.0
5054,18700.0
5055,18690.0
5056,18680.0
5057,18670.0
5058,18660.0
5059,18650.0
5060,18640.0
5061,18630.0
5062,18620.0
5063,18610.0
5064,18600.0
5065,18590.0
5066,18580.0
5067,18570.0
5068,18560.0
5069,18550.0
5070,18540.0
5071,18530.0
5072,18520.0
5073,18510.0
5074,18500.0
5075,18490.0
5076,18480.0
5077,18470.0
5078,18460.0
5079,18450.0
5080,18440.0
5081,18430.0
5082,18420.0
5083,18410.0
5084,18400.0
5085,18390.0
5086,18380.0
5087,18370.0
5088,18360.0
5089,18350.0
5090,18340.0
5091,18330.0
5092,18320.0
5093,18310.0
5094,18300.0
5095,18290.0
5096,18280.0
5097,18270.0
5098,18260.0
5099,18250.0
5100,18240.0
5101,18230.0
5102,18220.0
5103,18210.0
5104,18200.0
5105,18190.0
5106,18180.0
5107,18170.0
5108,18160.0
5109,18150.0
5110,18140.0
5111,18130.0
5112,18120.0
5113,18110.0
5114,18100.0
5115,18090.0
5116,18080.0
5117,18070.0
5118,18060.0
5119,18050.0
5120,18040.0
5121,18030.0
5122,18020.0
5123,18010.0
5124,18000.0
5125,17990.0
5126,17980.0
5127,17970.0
5128,17960.0
5129,17950.0
5130,17940.0
5131,17930.0
5132,17920.0
5133,17910.0
5134,17900.0
5135,17890.0
5136,17880.0
5137,17870.0
5138,17860.0
5139,17850.0
5140,17840.0
5141,17830.0
5142,17820.0
5143,17810.0
5144,17800.0
5145,17790.0
5146,17780.0
5147,17770.0
5148,17760.0
5149,17750.0
5150,17740.0
5151,17730.0
5152,17720.0
5153,17710.0
5154,17700.0
5155,17690.0
5156,17680.0
5157,17670.0
5158,17660.0
5159,17650.0
5160,17640.0
5161,17630.0
5162,17620.0
5163,17610.0
5164,17600.0
5165,17590.0
5166,17580.0
5167,17570.0
5168,17560.0
5169,17550.0
5170,17540.0
5171,17530.0
5172,17520.0
5173,17510.0
5174,17500.0
5175,17490.0
5176,17480.0
5177,17470.0
5178,17460.0
5179,17450.0
5180,17440.0
5181,17430.0
5182,17420.0
5183,17410.0
5184,17400.0
5185,17390.0
5186,17380.0
5187,17370.0
5188,17360.0
5189,17350.0
5190,17340.0
5191,17330.0
5192,17320.0
5193,17310.0
5194,17300.0
5195,17290.0
5196,17280.0
5197,17270.0
5198,17260.0
5199,17250.0
5200,17240.0
5201,17230.0
5202,17220.0
5203,17210.0
5204,17200.0
5205,17190.0
5206,17180.0
5207,17170.0
5208,17160.0
5209,17150.0
5210,17140.0
5211,17130.0
5212,17120.0
5213,17110.0
5214,17100.0
5215,17090.0
5216,17080.0
5217,17070.0
5218,17060.0
5219,17050.0
5220,17040.0
5221,17030.0
5222,17020.0
5223,17010.0
5224,17000.0
5225,16990.0
5226,16980.0
5227,16970.0
5228,16960.0
5229,16950.0
5230,16940.0
5231,16930.0
5232,16920.0
5233,16910.0
5234,16900.0
5235,16890.0
5236,16880.0
5237,16870.0
5238,16860.0
5239,16850.0
5240,16840.0
5241,16830.0
5242,16820.0
5243,16810.0
5244,16800.0
5245,16790.0
5246,16780.0
5247,16770.0
5248,16760.0
5249,16750.0
5250,16740.0
5251,16730.0
5252,16720.0
5253,16710.0
5254,16700.0
5255,16690.0
5256,16680.0
5257,16670.0
5258,16660.0
5259,16650.0
5260,16640.0
5261,16630.0
5262,16620.0
5263,16610.0
5264,16600.0
5265,16590.0
5266,16580.0
5267,16570.0
5268,16560.0
5269,16550.0
5270,16540.0
5271,16530.0
5272,16520.0
5273,16510.0
5274,16500.0
5275,16490.0
5276,16480.0
5277,16470.0
5278,16460.0
5279,16450.0
5280,16440.0
5281,16430.0
5282,16420.0
5283,16410.0
5284,16400.0
5285,16390.0
5286,16380.0
5287,16370.0
5288,16360.0
5289,16350.0
5290,16340.0
5291,16330.0
5292,16320.0
5293,16310.0
5294,16300.0
5295,16290.0
5296,16280.0
5297,16270.0
5298,16260.0
5299,16250.0
5300,16240.0
5301,16230.0
5302,16220.0
5303,16210.0
5304,16200.0
5305,16190.0
5306,16180.0
5307,16170.0
5308,16160.0
5309,16150.0
5310,16140.0
5311,16130.0
5312,16120.0
5313,16110.0
5314,16100.0
5315,16090.0
5316,16080.0
5317,16070.0
5318,16060.0
5319,16050.0
5320,16040.0
5321,16030.0
5322,16020.0
5323,16010.0
5324,16000.0
5325,15990.0
5326,15980.0
5327,15970.0
5328,15960.0
5329,15950.0
5330,15940.0
5331,15930.0
5332,15920.0
5333,15910.0
5334,15900.0
5335,15890.0
5336,15880.0
5337,15870.0
5338,15860.0
5339,15850.0
5340,15840.0
5341,15830.0
5342,15820.0
5343,15810.0
5344,15800.0
5345,15790.0
5346,15780.0
5347,15770.0
5348,15760.0
5349,15750.0
5350,15740.0
5351,15730.0
5352,15720.0
5353,15710.0
5354,15700.0
5355,15690.0
5356,15680.0
5357,15670.0
5358,15660.0
5359,15650.0
5360,15640.0
5361,15630.0
5362,15620.0
5363,15610.0
5364,15600.0
5365,15590.0
5366,15580.0
5367,15570.0
5368,15560.0
5369,15550.0
5370,15540.0
5371,15530.0
5372,15520.0
5373,15510.0
5374,15500.0
5375,15490.0
5376,15480.0
5377,15470.0
5378,15460.0
5379,15450.0
5380,15440.0
5381,15430.0
5382,15420.0
5383,15410.0
5384,15400.0
5385,15390.0
5386,15380.0
5387,15370.0
5388,15360.0
5389,15350.0
5390,15340.0
5391,15330.0
5392,15320.0
5393,15310.0
5394,15300.0
5395,15290.0
5396,15280.0
5397,15270.0
5398,15260.0
5399,15250.0
5400,15240.0
5401,15230.0
5402,15220.0
5403,15210.0
5404,15200.0
5405,15190.0
5406,15180.0
5407,15170.0
5408,15160.0
5409,15150.0
5410,15140.0
5411,15130.0
5412,15120.0
5413,15110.0
5414,15100.0
5415,15090.0
5416,15080.0
5417,15070.0
5418,15060.0
5419,15050.0
5420,15040.0
5421,15030.0
5422,15020.0
5423,15010.0
5424,15000.0
5425,14990.0
5426,14980.0
5427,14970.0
5428,14960.0
5429,14950.0
5430,14940.0
5431,14930.0
5432,14920.0
5433,14910.0
5434,14900.0
5435,14890.0
5436,14880.0
5437,14870.0
5438,14860.0
5439,14850.0
5440,14840.0
5441,14830.0
5442,14820.0
5443,14810.0
5444,14800.0
5445,14790.0
5446,14780.0
5447,14770.0
5448,14760.0
5449,14750.0
5450,14740.0
5451,14730.0
5452,14720.0
5453,14710.0
5454,14700.0
5455,14690.0
5456,14680.0
5457,14670.0
5458,14660.0
5459,14650.0
5460,14640.0
5461,14630.0
5462,14620.0
5463,14610.0
5464,14600.0
5465,14590.0
5466,14580.0
5467,14570.0
5468,14560.0
5469,14550.0
5470,14540.0
5471,14530.0
5472,14520.0
5473,14510.0
5474,14500.0
5475,14490.0
5476,14480.0
5477,14470.0
5478,14460.0
5479,14450.0
5480,14440.0
5481,14430.0
5482,14420.0
5483,14410.0
5484,14400.0
5485,14390.0
5486,14380.0
5487,14370.0
5488,14360.0
5489,14350.0
5490,14340.0
5491,14330.0
5492,14320.0
5493,14310.0
5494,14300.0
5495,14290.0
5496,14280.0
5497,14270.0
5498,14260.0
5499,14250.0
5500,14240.0
5501,14230.0
5502,14220.0
5503,14210.0
5504,14200.0
5505,14190.0
5506,14180.0
5507,14170.0
5508,14160.0
5509,14150.0
5510,14140.0
5511,14130.0
5512,14120.0
5513,14110.0
5514,14100.0
5515,14090.0
5516,14080.0
5517,14070.0
5518,14060.0
5519,14050.0
5520,14040.0
5521,14030.0
5522,14020.0
5523,14010.0
5524,14000.0
5525,13990.0
5526,13980.0
5527,13970.0
5528,13960.0
5529,13950.0
5530,13940.0
5531,13930.0
5532,13920.0
5533,13910.0
5534,13900.0
5535,13890.0
5536,13880.0
5537,13870.0
5538,13860.0
5539,13850.0
5540,13840.0
5541,13830.0
5542,13820.0
5543,13810.0
5544,13800.0
5545,13790.0
5546,13780.0
5547,13770.0
5548,13760.0
5549,13750.0
5550,13740.0
5551,13730.0
5552,13720.0
5553,13710.0
5554,13700.0
5555,13690.0
5556,13680.0
5557,13670.0
5558,13660.0
5559,13650.0
5560,13640.0
5561,13630.0
5562,13620.0
5563,13610.0
5564,13600.0
5565,13590.0
5566,13580.0
5567,13570.0
5568,13560.0
5569,13550.0
5570,13540.0
5571,13530.0
5572,13520.0
5573,13510.0
5574,13500.0
5575,13490.0
5576,13480.0
5577,13470.0
5578,13460.0
5579,13450.0
5580,13440.0
5581,13430.0
5582,13420.0
5583,13410.0
5584,13400.0
5585,13390.0
5586,13380.0
5587,13370.0
5588,13360.0
5589,13350.0
5590,13340.0
5591,13330.0
5592,13320.0
5593,13310.0
5594,13300.0
5595,13290.0
5596,13280.0
5597,13270.0
5598,13260.0
5599,13250.0
5600,13240.0
5601,13230.0
5602,13220.0
5603,13210.0
5604,13200.0
5605,13190.0
5606,13180.0
5607,13170.0
5608,13160.0
5609,13150.0
5610,13140.0
5611,13130.0
5612,13120.0
5613,13110.0
5614,13100.0
5615,13090.0
5616,13080.0
5617,13070.0
5618,13060.0
5619,13050.0
5620,13040.0
5621,13030.0
5622,13020.0
5623,13010.0
5624,13000.0
5625,12990.0
5626,12980.0
5627,12970.0
5628,12960.0
5629,12950.0
5630,12940.0
5631,12930.0
5632,12920.0
5633,12910.0
5634,12900.0
5635,12890.0
5636,12880.0
5637,12870.0
5638,12860.0
5639,12850.0
5640,12840.0
5641,12830.0
5642,12820.0
5643,12810.0
5644,12800.0
5645,12790.0
5646,12780.0
5647,12770.0
5648,12760.0
5649,12750.0
5650,12740.0
5651,12730.0
5652,12720.0
5653,12710.0
5654,12700.0
5655,12690.0
5656,12680.0
5657,12670.0
5658,12660.0
5659,12650.0
5660,12640.0
5661,12630.0
5662,12620.0
5663,12610.0
5664,12600.0
5665,12590.0
5666,12580.0
5667,12570.0
5668,12560.0
5669,12550.0
5670,12540.0
5671,12530.0
5672,12520.0
5673,12510.0
5674,12500.0
5675,12490.0
5676,12480.0
5677,12470.0
5678,12460.0
5679,12450.0
5680,12440.0
5681,12430.0
5682,12420.0
5683,12410.0
5684,12400.0
5685,12390.0
5686,12380.0
5687,12370.0
5688,12360.0
5689,12350.0
5690,12340.0
5691,12330.0
5692,12320.0
5693,12310.0
5694,12300.0
5695,12290.0
5696,12280.0
5697,12270.0
5698,12260.0
5699,12250.0
5700,12240.0
5701,12230.0
5702,12220.0
5703,12210.0
5704,12200.0
5705,12190.0
5706,12180.0
5707,12170.0
5708,12160.0
5709,12150.0
5710,12140.0
5711,12130.0
5712,12120.0
5713,12110.0
5714,12100.0
5715,12090.0
5716,12080.0
5717,12070.0
5718,12060.0
5719,12050.0
5720,12040.0
5721,12030.0
5722,12020.0
5723,12010.0
5724,12000.0
5725,11990.0
5726,11980.0
5727,11970.0
5728,11960.0
5729,11950.0
5730,11940.0
5731,11930.0
5732,11920.0
5733,11910.0
5734,11900.0
5735,11890.0
5736,11880.0
5737,11870.0
5738,11860.0
5739,11850.0
5740,11840.0
5741,11830.0
5742,11820.0
5743,11810.0
5744,11800.0
5745,11790.0
5746,11780.0
5747,11770.0
5748,11760.0
5749,11750.0
5750,11740.0
5751,11730.0
5752,11720.0
5753,11710.0
5754,11700.0
5755,11690.0
5756,11680.0
5757,11670.0
5758,11660.0
5759,11650.0
5760,11640.0
5761,11630.0
5762,11620.0
5763,11610.0
5764,11600.0
5765,11590.0
5766,11580.0
5767,11570.0
5768,11560.0
5769,11550.0
5770,11540.0
5771,11530.0
5772,11520.0
5773,11510.0
5774,11500.0
5775,11490.0
5776,11480.0
5777,11470.0
5778,11460.0
5779,11450.0
5780,11440.0
5781,11430.0
5782,11420.0
5783,11410.0
5784,11400.0
5785,11390.0
5786,11380.0
5787,11370.0
5788,11360.0
5789,11350.0
5790,11340.0
5791,11330.0
5792,11320.0
5793,11310.0
5794,11300.0
5795,11290.0
5796,11280.0
5797,11270.0
5798,11260.0
5799,11250.0
5800,11240.0
5801,11230.0
5802,11220.0
5803,11210.0
5804,11200.0
5805,11190.0
5806,11180.0
5807,11170.0
5808,11160.0
5809,11150.0
5810,11140.0
5811,11130.0
5812,11120.0
5813,11110.0
5814,11100.0
5815,11090.0
5816,11080.0
5817,11070.0
5818,11060.0
5819,11050.0
5820,11040.0
5821,11030.0
5822,11020.0
5823,11010.0
5824,11000.0
5825,10990.0
5826,10980.0
5827,10970.0
5828,10960.0
5829,10950.0
5830,10940.0
5831,10930.0
5832,10920.0
5833,10910.0
5834,10900.0
5835,10890.0
5836,10880.0
5837,10870.0
5838,10860.0
5839,10850.0
5840,10840.0
5841,10830.0
5842,10820.0
5843,10810.0
5844,10800.0
5845,10790.0
5846,10780.0
5847,10770.0
5848,10760.0
5849,10750.0
5850,10740.0
5851,10730.0
5852,10720.0
5853,10710.0
5854,10700.0
5855,10690.0
5856,10680.0
5857,10670.0
5858,10660.0
5859,10650.0
5860,10640.0
5861,10630.0
5862,10620.0
5863,10610.0
5864,10600.0
5865,10590.0
5866,10580.0
5867,10570.0
5868,10560.0
5869,10550.0
5870,10540.0
5871,10530.0
5872,10520.0
5873,10510.0
5874,10500.0
5875,10490.0
5876,10480.0
5877,10470.0
5878,10460.0
5879,10450.0
5880,10440.0
5881,10430.0
5882,10420.0
5883,10410.0
5884,10400.0
5885,10390.0
5886,10380.0
5887,10370.0
5888,10360.0
5889,10350.0
5890,10340.0
5891,10330.0
5892,10320.0
5893,10310.0
5894,10300.0
5895,10290.0
5896,10280.0
5897,10270.0
5898,10260.0
5899,10250.0
5900,10240.0
5901,10230.0
5902,10220.0
5903,10210.0
5904,10200.0
5905,10190.0
5906,10180.0
5907,10170.0
5908,10160.0
5909,10150.0
5910,10140.0
5911,10130.0
5912,10120.0
5913,10110.0
5914,10100.0
5915,10090.0
5916,10080.0
5917,10070.0
5918,10060.0
5919,10050.0
5920,10040.0
5921,10030.0
5922,10020.0
5923,10010.0
5924,10000.0
5925,9990.0
5926,9980.0
5927,9970.0
5928,9960.0
5929,9950.0
5930,9940.0
5931,9930.0
5932,9920.0
5933,9910.0
5934,9900.0
5935,9890.0
5936,9880.0
5937,9870.0
5938,9860.0
5939,9850.0
5940,9840.0
5941,9830.0
5942,9820.0
5943,9810.0
5944,9800.0
5945,9790.0
5946,9780.0
5947,9770.0
5948,9760.0
5949,9750.0
5950,9740.0
5951,9730.0
5952,9720.0
5953,9710.0
5954,9700.0
5955,9690.0
5956,9680.0
5957,9670.0
5958,9660.0
5959,9650.0
5960,9640.0
5961,9630.0
5962,9620.0
5963,9610.0
5964,9600.0
5965,9590.0
5966,9580.0
5967,9570.0
5968,9560.0
5969,9550.0
5970,9540.0
5971,9530.0
5972,9520.0
5973,9510.0
5974,9500.0
5975,9490.0
5976,9480.0
5977,9470.0
5978,9460.0
5979,9450.0
5980,9440.0
5981,9430.0
5982,9420.0
5983,9410.0
5984,9400.0
5985,9390.0
5986,9380.0
5987,9370.0
5988,9360.0
5989,9350.0
5990,9340.0
5991,9330.0
5992,9320.0
5993,9310.0
5994,9300.0
5995,9290.0
5996,9280.0
5997,9270.0
5998,9260.0
5999,9250.0
6000,9240.0
6001,9230.0
6002,9220.0
6003,9210.0
6004,9200.0
6005,9190.0
6006,9180.0
6007,9170.0
6008,9160.0
6009,9150.0
6010,9140.0
6011,9130.0
6012,9120.0
6013,9110.0
6014,9100.0
6015,9090.0
6016,9080.0
6017,9070.0
6018,9060.0
6019,9050.0
6020,9040.0
6021,9030.0
6022,9020.0
6023,9010.0
6024,9000.0
6025,8990.0
6026,8980.0
6027,8970.0
6028,8960.0
6029,8950.0
6030,8940.0
6031,8930.0
6032,8920.0
6033,8910.0
6034,8900.0
6035,8890.0
6036,8880.0
6037,8870.0
6038,8860.0
6039,8850.0
6040,8840.0
6041,8830.0
6042,8820.0
6043,8810.0
6044,8800.0
6045,8790.0
6046,8780.0
6047,8770.0
6048,8760.0
6049,8750.0
6050,8740.0
6051,8730.0
6052,8720.0
6053,8710.0
6054,8700.0
6055,8690.0
6056,8680.0
6057,8670.0
6058,8660.0
6059,8650.0
6060,8640.0
6061,8630.0
6062,8620.0
6063,8610.0
6064,8600.0
6065,8590.0
6066,8580.0
6067,8570.0
6068,8560.0
6069,8550.0
6070,8540.0
6071,8530.0
6072,8520.0
6073,8510.0
6074,8500.0
6075,8490.0
6076,8480.0
6077,8470.0
6078,8460.0
6079,8450.0
6080,8440.0
6081,8430.0
6082,8420.0
6083,8410.0
6084,8400.0
6085,8390.0
6086,8380.0
6087,8370.0
6088,8360.0
6089,8350.0
6090,8340.0
6091,8330.0
6092,8320.0
6093,8310.0
6094,8300.0
6095,8290.0
6096,8280.0
6097,8270.0
6098,8260.0
6099,8250.0
6100,8240.0
6101,8230.0
6102,8220.0
6103,8210.0
6104,8200.0
6105,8190.0
6106,8180.0
6107,8170.0
6108,8160.0
6109,8150.0
6110,8140.0
6111,8130.0
6112,8120.0
6113,8110.0
6114,8100.0
6115,8090.0
6116,8080.0
6117,8070.0
6118,8060.0
6119,8050.0
6120,8040.0
6121,8030.0
6122,8020.0
6123,8010.0
6124,8000.0
6125,7990.0
6126,7980.0
6127,7970.0
6128,7960.0
6129,7950.0
6130,7940.0
6131,7930.0
6132,7920.0
6133,7910.0
6134,7900.0
6135,7890.0
6136,7880.0
6137,7870.0
6138,7860.0
6139,7850.0
6140,7840.0
6141,7830.0
6142,7820.0
6143,7810.0
6144,7800.0
6145,7790.0
6146,7780.0
6147,7770.0
6148,7760.0
6149,7750.0
6150,7740.0
6151,7730.0
6152,7720.0
6153,7710.0
6154,7700.0
6155,7690.0
6156,7680.0
6157,7670.0
6158,7660.0
6159,7650.0
6160,7640.0
6161,7630.0
6162,7620.0
6163,7610.0
6164,7600.0
6165,7590.0
6166,7580.0
6167,7570.0
6168,7560.0
6169,7550.0
6170,7540.0
6171,7530.0
6172,7520.0
6173,7510.0
6174,7500.0
6175,7490.0
6176,7480.0
6177,7470.0
6178,7460.0
6179,7450.0
6180,7440.0
6181,7430.0
6182,7420.0
6183,7410.0
6184,7400.0
6185,7390.0
6186,7380.0
6187,7370.0
6188,7360.0
6189,7350.0
6190,7340.0
6191,7330.0
6192,7320.0
6193,7310.0
6194,7300.0
6195,7290.0
6196,7280.0
6197,7270.0
6198,7260.0
6199,7250.0
6200,7240.0
6201,7230.0
6202,7220.0
6203,7210.0
6204,7200.0
6205,7190.0
6206,7180.0
6207,7170.0
6208,7160.0
6209,7150.0
6210,7140.0
6211,7130.0
6212,7120.0
6213,7110.0
6214,7100.0
6215,7090.0
6216,7080.0
6217,7070.0
6218,7060.0
6219,7050.0
6220,7040.0
6221,7030.0
6222,7020.0
6223,7010.0
6224,7000.0
6225,6990.0
6226,6980.0
6227,6970.0
6228,6960.0
6229,6950.0
6230,6940.0
6231,6930.0
6232,6920.0
6233,6910.0
6234,6900.0
6235,6890.0
6236,6880.0
6237,6870.0
6238,6860.0
6239,6850.0
6240,6840.0
6241,6830.0
6242,6820.0
6243,6810.0
6244,6800.0
6245,6790.0
6246,6780.0
6247,6770.0
6248,6760.0
6249,6750.0
6250,6740.0
6251,6730.0
6252,6720.0
6253,6710.0
6254,6700.0
6255,6690.0
6256,6680.0
6257,6670.0
6258,6660.0
6259,6650.0
6260,6640.0
6261,6630.0
6262,6620.0
6263,6610.0
6264,6600.0
6265,6590.0
6266,6580.0
6267,6570.0
6268,6560.0
6269,6550.0
6270,6540.0
6271,6530.0
6272,6520.0
6273,6510.0
6274,6500.0
6275,6490.0
6276,6480.0
6277,6470.0
6278,6460.0
6279,6450.0
6280,6440.0
6281,6430.0
6282,6420.0
6283,6410.0
6284,6400.0
6285,6390.0
6286,6380.0
6287,6370.0
6288,6360.0
6289,6350.0
6290,6340.0
6291,6330.0
6292,6320.0
6293,6310.0
6294,6300.0
6295,6290.0
6296,6280.0
6297,6270.0
6298,6260.0
6299,6250.0
6300,6240.0
6301,6230.0
6302,6220.0
6303,6210.0
6304,6200.0
6305,6190.0
6306,6180.0
6307,6170.0
6308,6160.0
6309,6150.0
6310,6140.0
6311,6130.0
6312,6120.0
6313,6110.0
6314,6100.0
6315,6090.0
6316,6080.0
6317,6070.0
6318,6060.0
6319,6050.0
6320,6040.0
6321,6030.0
6322,6020.0
6323,6010.0
6324,6000.0
6325,5990.0
6326,5980.0
6327,5970.0
6328,5960.0
6329,5950.0
6330,5940.0
6331,5930.0
6332,5920.0
6333,5910.0
6334,5900.0
6335,5890.0
6336,5880.0
6337,5870.0
6338,5860.0
6339,5850.0
6340,5840.0
6341,5830.0
6342,5820.0
6343,5810.0
6344,5800.0
6345,5790.0
6346,5780.0
6347,5770.0
6348,5760.0
6349,5750.0
6350,5740.0
6351,5730.0
6352,5720.0
6353,5710.0
6354,5700.0
6355,5690.0
6356,5680.0
6357,5670.0
6358,5660.0
6359,5650.0
6360,5640.0
6361,5630.0
6362,5620.0
6363,5610.0
6364,5600.0
6365,5590.0
6366,5580.0
6367,5570.0
6368,5560.0
6369,5550.0
6370,5540.0
6371,5530.0
6372,5520.0
6373,5510.0
6374,5500.0
6375,5490.0
6376,5480.0
6377,5470.0
6378,5460.0
6379,5450.0
6380,5440.0
6381,5430.0
6382,5420.0
6383,5410.0
6384,5400.0
6385,5390.0
6386,5380.0
6387,5370.0
6388,5360.0
6389,5350.0
6390,5340.0
6391,5330.0
6392,5320.0
6393,5310.0
6394,5300.0
6395,5290.0
6396,5280.0
6397,5270.0
6398,5260.0
6399,5250.0
6400,5240.0
6401,5230.0
6402,5220.0
6403,5210.0
6404,5200.0
6405,5190.0
6406,5180.0
6407,5170.0
6408,5160.0
6409,5150.0
6410,5140.0
6411,5130.0
6412,5120.0
6413,5110.0
6414,5100.0
6415,5090.0
6416,5080.0
6417,5070.0
6418,5060.0
6419,5050.0
6420,5040.0
6421,5030.0
6422,5020.0
6423,5010.0
6424,5000.0
6425,4990.0
6426,4980.0
6427,4970.0
6428,4960.0
6429,4950.0
6430,4940.0
6431,4930.0
6432,4920.0
6433,4910.0
6434,4900.0
6435,4890.0
6436,4880.0
6437,4870.0
6438,4860.0
6439,4850.0
6440,4840.0
6441,4830.0
6442,4820.0
6443,4810.0
6444,4800.0
6445,4790.0
6446,4780.0
6447,4770.0
6448,4760.0
6449,4750.0
6450,4740.0
6451,4730.0
6452,4720.0
6453,4710.0
6454,4700.0
6455,4690.0
6456,4680.0
6457,4670.0
6458,4660.0
6459,4650.0
6460,4640.0
6461,4630.0
6462,4620.0
6463,4610.0
6464,4600.0
6465,4590.0
6466,4580.0
6467,4570.0
6468,4560.0
6469,4550.0
6470,4540.0
6471,4530.0
6472,4520.0
6473,4510.0
6474,4500.0
6475,4490.0
6476,4480.0
6477,4470.0
6478,4460.0
6479,4450.0
6480,4440.0
6481,4430.0
6482,4420.0
6483,4410.0
6484,4400.0
6485,4390.0
6486,4380.0
6487,4370.0
6488,4360.0
6489,4350.0
6490,4340.0
6491,4330.0
6492,4320.0
6493,4310.0
6494,4300.0
6495,4290.0
6496,4280.0
6497,4270.0
6498,4260.0
6499,4250.0
6500,4240.0
6501,4230.0
6502,4220.0
6503,4210.0
6504,4200.0
6505,4190.0
6506,4180.0
6507,4170.0
6508,4160.0
6509,4150.0
6510,4140.0
6511,4130.0
6512,4120.0
6513,4110.0
6514,4100.0
6515,4090.0
6516,4080.0
6517,4070.0
6518,4060.0
6519,4050.0
6520,4040.0
6521,4030.0
6522,4020.0
6523,4010.0
6524,4000.0
6525,3990.0
6526,3980.0
6527,3970.0
6528,3960.0
6529,3950.0
6530,3940.0
6531,3930.0
6532,3920.0
6533,3910.0
6534,3900.0
6535,3890.0
6536,3880.0
6537,3870.0
6538,3860.0
6539,3850.0
6540,3840.0
6541,3830.0
6542,3820.0
6543,3810.0
6544,3800.0
6545,3790.0
6546,3780.0
6547,3770.0
6548,3760.0
6549,3750.0
6550,3740.0
6551,3730.0
6552,3720.0
6553,3710.0
6554,3700.0
6555,3690.0
6556,3680.0
6557,3670.0
6558,3660.0
6559,3650.0
6560,3640.0
6561,3630.0
6562,3620.0
6563,3610.0
6564,3600.0
6565,3590.0
6566,3580.0
6567,3570.0
6568,3560.0
6569,3550.0
6570,3540.0
6571,3530.0
6572,3520.0
6573,3510.0
6574,3500.0
6575,3490.0
6576,3480.0
6577,3470.0
6578,3460.0
6579,3450.0
6580,3440.0
6581,3430.0
6582,3420.0
6583,3410.0
6584,3400.0
6585,3390.0
6586,3380.0
6587,3370.0
6588,3360.0
6589,3350.0
6590,3340.0
6591,3330.0
6592,3320.0
6593,3310.0
6594,3300.0
6595,3290.0
6596,3280.0
6597,3270.0
6598,3260.0
6599,3250.0
6600,3240.0
6601,3230.0
6602,3220.0
6603,3210.0
6604,3200.0
6605,3190.0
6606,3180.0
6607,3170.0
6608,3160.0
6609,3150.0
6610,3140.0
6611,3130.0
6612,3120.0
6613,3110.0
6614,3100.0
6615,3090.0
6616,3080.0
6617,3070.0
6618,3060.0
6619,3050.0
6620,3040.0
6621,3030.0
6622,3020.0
6623,3010.0
6624,3000.0
6625,2990.0
6626,2980.0
6627,2970.0
6628,2960.0
6629,2950.0
6630,2940.0
6631,2930.0
6632,2920.0
6633,2910.0
6634,2900.0
6635,2890.0
6636,2880.0
6637,2870.0
6638,2860.0
6639,2850.0
6640,2840.0
6641,2830.0
6642,2820.0
6643,2810.0
6644,2800.0
6645,2790.0
6646,2780.0
6647,2770.0
6648,2760.0
6649,2750.0
6650,2740.0
6651,2730.0
6652,2720.0
6653,2710.0
6654,2700.0
6655,2690.0
6656,2680.0
6657,2670.0
6658,2660.0
6659,2650.0
6660,2640.0
6661,2630.0
6662,2620.0
6663,2610.0
6664,2600.0
6665,2590.0
6666,2580.0
6667,2570.0
6668,2560.0
6669,2550.0
6670,2540.0
6671,2530.0
6672,2520.0
6673,2510.0
6674,2500.0
6675,2490.0
6676,2480.0
6677,2470.0
6678,2460.0
6679,2450.0
6680,2440.0
6681,2430.0
6682,2420.0
6683,2410.0
6684,2400.0
6685,2390.0
6686,2380.0
6687,2370.0
6688,2360.0
6689,2350.0
6690,2340.0
6691,2330.0
6692,2320.0
6693,2310.0
6694,2300.0
6695,2290.0
6696,2280.0
6697,2270.0
6698,2260.0
6699,2250.0
6700,2240.0
6701,2230.0
6702,2220.0
6703,2210.0
6704,2200.0
6705,2190.0
6706,2180.0
6707,2170.0
6708,2160.0
6709,2150.0
6710,2140.0
6711,2130.0
6712,2120.0
6713,2110.0
6714,2100.0
6715,2090.0
6716,2080.0
6717,2070.0
6718,2060.0
6719,2050.0
6720,2040.0
6721,2030.0
6722,2020.0
6723,2010.0
6724,2000.0
6725,1990.0
6726,1980.0
6727,1970.0
6728,1960.0
6729,1950.0
6730,1940.0
6731,1930.0
6732,1920.0
6733,1910.0
6734,1900.0
6735,1890.0
6736,1880.0
6737,1870.0
6738,1860.0
6739,1850.0
6740,1840.0
6741,1830.0
6742,1820.0
6743,1810.0
6744,1800.0
6745,1790.0
6746,1780.0
6747,1770.0
6748,1760.0
6749,1750.0
6750,1740.0
6751,1730.0
6752,1720.0
6753,1710.0
6754,1700.0
6755,1690.0
6756,1680.0
6757,1670.0
6758,1660.0
6759,1650.0
6760,1640.0
6761,1630.0
6762,1620.0
6763,1610.0
6764,1600.0
6765,1590.0
6766,1580.0
6767,1570.0
6768,1560.0
6769,1550.0
6770,1540.0
6771,1530.0
6772,1520.0
6773,1510.0
6774,1500.0
6775,1490.0
6776,1480.0
6777,1470.0
6778,1460.0
6779,1450.0
6780,1440.0
6781,1430.0
6782,1420.0
6783,1410.0
6784,1400.0
6785,1390.0
6786,1380.0
6787,1370.0
6788,1360.0
6789,1350.0
6790,1340.0
6791,1330.0
6792,1320.0
6793,1310.0
6794,1300.0
6795,1290.0
6796,1280.0
6797,1270.0
6798,1260.0
6799,1250.0
6800,1240.0
6801,1230.0
6802,1220.0
6803,1210.0
6804,1200.0
6805,1190.0
6806,1180.0
6807,1170.0
6808,1160.0
6809,1150.0
6810,1140.0
6811,1130.0
6812,1120.0
6813,1110.0
6814,1100.0
6815,1090.0
6816,1080.0
6817,1070.0
6818,1060.0
6819,1050.0
6820,1040.0
6821,1030.0
6822,1020.0
6823,1010.0
6824,1000.0
6825,990.0
6826,980.0
6827,970.0
6828,960.0
6829,950.0
6830,940.0
6831,930.0
6832,920.0
6833,910.0
6834,900.0
6835,890.0
6836,880.0
6837,870.0
6838,860.0
6839,850.0
6840,840.0
6841,830.0
6842,820.0
6843,820.0
6844,820.0
6845,820.0
6846,820.0
6847,820.0
6848,820.0
6849,820.0
6850,820.0
6851,820.0
6852,810.0
6853,810.0
6854,800.0
6855,790.0
6856,780.0
6857,770.0
6858,760.0
6859,750.0
6860,740.0
6861,730.0
6862,720.0
6863,710.0
6864,700.0
6865,690.0
6866,680.0
6867,670.0
6868,660.0
6869,650.0
6870,640.0
6871,630.0
6872,620.0
6873,610.0
6874,600.0
6875,590.0
6876,580.0
6877,570.0
6878,560.0
6879,550.0
6880,540.0
6881,530.0
6882,520.0
6883,510.0
6884,500.0
6885,490.0
6886,480.0
6887,470.0
6888,460.0
6889,450.0
6890,440.0
6891,430.0
6892,420.0
6893,410.0
6894,400.0
6895,390.0
6896,380.0
6897,370.0
6898,360.0
6899,350.0
6900,340.0
6901,330.0
6902,320.0
6903,310.0
6904,300.0
6905,290.0
6906,280.0
6907,270.0
6908,260.0
6909,250.0
6910,240.0
6911,230.0
6912,220.0
6913,210.0
6914,200.0
6915,190.0
6916,180.0
6917,170.0
6918,160.0
6919,150.0
6920,140.0
6921,130.0
6922,120.0
6923,110.0
6924,100.0
6925,90.0
6926,80.0
6927,70.0
6928,60.0
6929,50.0
6930,40.0
6931,30.0
6932,20.0
6933,10.0
6934,1.35308431126e-13
6935,-10.0
6936,-10.0
6937,-10.0
6938,-10.0
6939,-10.0
6940,-10.0
6941,-10.0
6942,-10.0
6943,-10.0
6944,-10.0
6945,-10.0
6946,-10.0
6947,-10.0
6948,-20.0
6949,-20.0
6950,-20.0
6951,-20.0
6952,-20.0
